0.565306
0.531255
0.556294
0.390261
0.827909
0.952081
0.772509
0.849704
0.112261
0.112261
-0.166212
-0.0948533
-0.0117604
0.466025
0.886337
0.110327
0.221126
0.0697042
-0.00294697
0.288697
0.362832
-0.222492
-0.623614
0.0756927
0.781076
0.425899
0.261991
-0.424928
-0.29746
-0.115393
0.376437
0.571291
0.00786997
0.033456
0.389649
-0.112928
-0.00172214
0.429029
-0.1662
0.314067
0.407645
0.0795318
0.0795318
0.74072
0.129073
-0.230711
-0.668272
-0.426637
0.0298423
0.653199
0.829892
0.7773
0.363069
0.573454
0.602224
0.770179
0.893568
0.561323
0.129865
0.656775
0.0134862
-0.417206
-0.998599
-0.969464
-0.45649
0.174864
-0.0685249
-0.322384
0.319751
-0.170842
-0.723118
-0.961208
-0.500911
-0.818675
-0.223124
-0.62507
-0.846908
-0.754391
-0.126276
0.012202
-0.589631
-0.560369
-0.797711
-0.395516
-0.639289
-0.992268
-0.433497
0.279488
0.597481
0.970369
0.804131
0.178233
-0.225298
-0.330355
-0.935863
-0.550553
0.0113415
-0.378567
-0.906629
-0.773766
-0.262217
-0.534494
-0.610254
-0.663136
-0.778773
-0.960249
-0.66307
-0.353398
0.349336
-0.091426
0.0489955
0.0489955
-0.160693
0.177492
0.373831
0.196319
-0.000998286
-0.489733
-0.448418
-0.448418
0.2633
0.414027
0.013885
-0.159452
-0.00810441
0.0655681
-0.00543044
0.156542
0.0310668
-0.12133
0.0250752
-0.208629
-0.430842
-0.109631
-0.122487
-0.296954
-0.0391889
-0.170382
0.199305
0.636963
0.832391
0.533443
0.83384
0.0581311
-0.122842
-0.683885
-0.98717
-0.92198
-0.387134
-0.387134
-0.866374
-0.354042
-0.801128
-0.928858
-0.929376
-0.473519
-0.4151
-0.566676
-0.453549
-0.759108
-0.913321
-0.920366
-0.8555
-0.458143
0.162198
-0.102978
0.520205
0.168721
0.327372
0.0089751
0.595045
0.916949
0.170806
0.235735
0.812278
0.354504
-0.141213
-0.623861
-0.497526
0.0319559
0.268441
0.109312
0.115594
-0.0141679
-0.827519
-0.329083
-0.455494
-0.194711
0.598369
0.467349
0.958117
0.722177
0.3726
0.43127
0.0850507
-0.528844
-0.408922
-0.72468
-0.679505
0.0560822
-0.705452
-0.958838
-0.701469
-0.812607
-0.919652
-0.477462
-0.477462
-0.760804
-0.548719
-0.590371
-0.590371
-0.610757
-0.909542
-0.797286
-0.766522
-0.494751
-0.494751
-0.90382
-0.924478
-0.262851
-0.902892
-0.781794
-0.937075
-0.432981
-0.161599
-0.85114
-0.183822
-0.657156
-0.695729
-0.849905
-0.670609
-0.687497
-0.357661
0.0245483
-0.105635
-0.798939
-0.0906898
-0.690734
-0.912313
-0.586253
-0.98582
-0.551526
-0.531226
-0.750277
-0.405757
-0.969255
-0.796908
-0.503729
-0.37689
-0.904035
-0.151105
-0.151105
-0.192082
0.0224158
0.245131
0.159554
0.320602
-0.139754
0.036375
-0.381818
-0.090005
-0.349441
0.0625163
0.0625163
-0.0916576
0.0881962
0.242258
-0.347784
-0.796119
-0.707713
-0.759075
-0.372179
-0.712362
-0.495229
-0.685919
0.0110711
0.321769
-0.0702877
-0.0895352
0.115757
-0.179431
-0.522413
0.371798
0.815055
0.844141
0.732023
0.177936
0.552463
0.51861
-0.0172784
-0.0172784
0.520702
0.304387
0.494425
0.588774
0.3348
-0.314489
-0.314489
-0.0412494
0.189264
0.305824
-0.102094
-0.00304349
-0.0201691
-0.0100574
-0.00843382
-0.0238934
0.00694297
-0.0309094
-0.0157443
-0.0786701
-0.0786701
-0.0142517
0.0447377
0.0447377
-0.0358764
-0.0358764
-0.179628
-0.4625
0.316919
-0.123524
-0.273979
0.230707
-0.0656118
-0.0968908
-0.0236577
-0.231222
-0.231222
-0.155577
0.0328209
0.571758
0.554903
0.522306
-0.0730001
0.0976502
0.0976502
-0.465069
-0.9647
-0.39831
0.198788
0.202548
-0.153674
-0.146468
-0.00428337
0.721811
0.341284
0.153583
-0.0173019
0.301675
0.0337101
0.121823
-0.0608652
0.188893
0.188893
0.193548
0.246174
0.532054
0.361866
0.0572568
-0.0274207
0.0931595
0.0931595
0.800796
0.523435
0.820445
0.905267
0.644746
0.377538
0.264952
-0.225529
-0.777371
-0.736345
-0.153451
0.0264718
-0.160426
0.034702
0.18794
0.11567
-0.237075
-0.246496
0.0409342
-0.375147
-0.0293443
-0.404797
-0.564111
-0.564111
-0.564111
-0.284489
0.504983
0.841445
0.249195
-0.0286339
0.0711446
0.676813
0.0560216
0.230001
0.000274693
0.575646
0.917613
0.603895
-0.0186881
-0.103807
-0.195792
-0.195792
-0.195792
-0.469056
-0.523669
-0.283475
0.231237
0.177324
-0.178764
0.291324
0.291324
-0.0153192
0.0185397
0.108933
-0.00531911
-0.00531911
-0.0168978
-0.0168978
0.147664
-0.050442
-0.598574
-0.598574
-0.598574
-0.598574
-0.985721
-0.704288
-0.245188
-0.245188
-0.593455
-0.593455
-0.0670342
-0.79838
-0.583179
-0.630227
-0.460159
-0.449347
-0.910248
-0.321594
-0.448574
-0.169961
-0.215475
-0.856593
-0.911768
-0.97365
-0.871225
-0.871225
-0.151062
-0.247007
0.121722
-0.128697
0.260212
0.252203
0.292737
-0.496208
-0.00863907
0.265171
-0.263516
0.00335907
0.0270699
-0.0327571
-0.00869564
0.0528026
0.123886
0.182335
0.490802
0.844109
0.844109
0.968125
0.971017
0.692981
0.00104113
-0.449784
-0.950852
-0.882467
-0.678139
-0.449662
-0.449662
0.10782
0.668143
0.717377
0.852357
0.83997
0.999422
0.423145
0.259951
0.136858
-0.00189331
0.0796975
-0.206089
-0.206089
0.258715
0.211274
0.110345
0.110345
-0.0644841
0.184359
-0.28275
-0.0347413
-0.183105
0.03603
-0.338991
-0.338991
-0.0897906
0.219542
0.219542
0.219542
0.0390147
-0.410055
-0.410055
-0.493316
-0.982604
-0.611174
-0.611174
-0.655328
-0.655328
-0.655328
-0.882086
-0.868187
-0.748011
-0.994526
-0.994526
-0.93193
-0.93193
-0.93193
-0.93193
-0.835962
-0.930274
-0.693565
-0.693565
-0.693565
-0.89417
-0.36943
-0.26841
-0.268095
-0.268095
-0.77697
-0.77697
-0.77697
-0.755246
-0.772405
-0.772405
-0.772405
-0.772405
-0.772405
-0.954416
-0.954416
-0.570281
0.0566938
-0.752088
-0.752088
-0.869753
-0.869753
-0.869753
-0.983277
-0.983277
-0.789091
-0.789091
-0.852537
-0.319693
-0.866803
-0.409201
-0.753902
-0.753902
-0.884189
-0.840327
-0.840327
-0.866364
-0.866364
-0.866364
-0.836481
-0.839938
-0.839938
-0.981557
-0.603253
-0.384898
-0.395704
-0.18959
0.0651823
0.0840534
0.028003
0.028003
-0.325916
0.258888
0.258888
0.258888
-0.482888
-0.482888
-0.482888
-0.907975
-0.839237
-0.916881
-0.916881
-0.916881
-0.739827
-0.983032
-0.983032
-0.639324
-0.662925
-0.662925
-0.915885
-0.915885
-0.915885
-0.915885
-0.915885
-0.994675
-0.994675
-0.994675
-0.994675
-0.959821
-0.959821
-0.959821
-0.82506
-0.461999
-0.461999
-0.461999
0.238542
0.238542
0.238542
-0.122302
-0.122302
-0.122302
-0.122302
0.263787
0.51741
-0.175645
0.0336567
-0.364128
-0.359348
-0.359348
-0.641094
-0.876358
-0.876358
-0.876358
-0.876358
-0.995976
-0.995976
-0.995976
-0.995976
-0.995976
-0.995976
-0.995976
-0.935716
-0.935716
-0.935716
-0.935716
-0.935716
-0.935716
-0.927387
-0.927387
-0.945948
-0.945948
-0.945948
-0.945948
-0.945948
-0.843943
-0.843943
-0.843943
-0.87539
-0.87539
-0.87539
-0.72596
-0.656018
-0.59536
-0.972624
-0.972624
-0.972624
-0.972624
-0.972624
-0.843927
-0.847139
-0.847139
-0.901415
-0.901415
-0.901415
-0.767545
-0.948915
-0.948915
-0.948915
-0.948915
-0.948915
-0.878173
-0.878173
-0.955105
-0.86168
-0.952807
-0.952807
-0.721407
-0.721407
-0.755372
-0.776585
-0.418235
-0.418235
-0.418235
-0.81007
-0.81007
-0.907255
-0.907255
-0.907255
-0.907255
-0.907255
-0.9989
-0.9989
-0.784416
-0.7601
-0.7601
-0.857089
-0.857089
-0.857089
-0.930486
-0.892312
-0.908205
-0.908205
-0.908205
-0.929929
-0.929929
-0.985975
-0.985975
-0.985975
-0.985975
-0.985975
-0.985975
-0.985975
-0.976103
-0.968996
-0.968996
-0.968996
-0.968996
-0.968996
-0.968996
-0.968996
-0.951581
-0.951581
-0.93522
-0.93522
-0.93522
-0.93522
-0.93522
-0.93522
-0.953336
-0.953336
-0.953336
-0.953336
-0.953336
-0.953336
-0.953336
-0.953336
-0.953336
-0.953336
-0.953336
-0.953336
-0.953336
-0.953336
-0.953336
-0.875302
-0.875302
-0.875302
-0.875302
-0.795093
-0.795093
-0.795175
-0.953927
-0.953927
-0.953927
-0.953927
-0.953927
-0.953927
-0.953927
-0.953927
-0.953927
-0.953927
-0.980455
-0.980455
-0.980455
-0.939103
-0.939103
-0.939103
-0.97304
-0.97304
-0.965487
-0.965487
-0.965487
-0.965487
-0.8452
-0.935326
-0.935326
-0.935326
-0.935326
-0.935326
-0.935326
-0.935326
-0.935326
-0.935326
-0.935326
-0.935326
-0.991353
-0.991353
-0.991353
-0.991353
-0.991353
-0.991353
-0.991353
-0.991353
-0.991353
-0.991353
-0.991353
-0.991353
-0.991353
-0.990272
-0.990272
-0.990272
-0.990272
-0.942151
-0.942151
-0.942151
-0.937334
-0.937334
-0.937334
-0.937334
-0.937334
-0.937334
-0.965805
-0.965805
-0.965805
-0.965805
-0.986382
-0.986382
-0.986382
-0.986382
-0.986382
-0.986382
-0.986382
-0.986382
-0.986382
-0.986382
-0.986382
-0.986382
-0.986382
-0.986382
-0.986382
-0.986382
-0.986382
-0.986382
-0.986382
-0.986382
-0.943829
-0.943829
-0.943829
-0.943829
-0.943829
-0.943829
-0.943829
-0.943829
-0.943829
-0.943829
-0.943829
-0.943829
-0.943829
-0.943829
-0.943829
-0.943829
-0.962563
-0.962563
-0.962563
-0.962563
-0.979457
-0.979457
-0.979457
-0.979457
-0.981939
-0.981939
-0.981939
-0.981939
-0.981939
-0.981939
-0.981939
-0.981939
-0.981939
-0.981939
-0.981939
-0.981939
-0.981939
-0.981939
-0.981939
-0.981939
-0.981939
-0.981939
-0.981939
-0.981939
-0.981939
-0.981939
-0.981939
-0.981939
-0.981939
-0.981939
-0.981939
-0.989395
-0.989395
-0.989395
-0.989395
-0.989395
-0.989395
-0.989395
-0.989395
-0.989395
-0.992618
-0.992618
-0.992618
-0.992618
-0.992618
-0.992618
-0.992618
-0.992618
-0.992618
-0.992618
-0.992618
-0.992618
-0.984503
-0.984503
-0.984503
-0.984503
-0.984503
-0.984503
-0.984503
-0.984503
-0.984503
-0.984503
-0.984503
-0.984503
-0.984503
-0.984503
-0.984503
-0.984503
-0.984503
-0.984503
-0.984503
-0.984503
-0.984503
-0.984503
-0.969233
-0.969233
-0.969233
-0.969233
-0.969233
-0.992006
-0.992006
-0.992006
-0.992006
-0.992006
-0.992006
-0.992006
-0.992006
-0.992006
-0.992006
-0.992006
-0.992006
-0.992006
-0.992006
-0.992006
-0.992006
-0.972507
-0.972507
-0.972507
-0.972507
-0.972507
-0.972507
-0.98693
-0.98693
-0.98693
-0.98693
-0.98693
-0.98693
-0.98693
-0.98693
-0.98693
-0.98693
-0.98693
-0.98693
-0.98693
-0.98693
-0.98693
-0.98693
-0.98693
-0.98693
-0.98693
-0.98693
-0.98693
-0.973538
-0.973538
-0.973538
-0.974932
-0.974932
-0.974932
-0.974932
-0.974932
-0.974932
-0.974932
-0.974932
-0.974932
-0.974932
-0.974932
-0.974932
-0.974932
-0.974932
-0.974932
-0.974932
-0.974932
-0.974932
-0.974932
-0.974932
-0.974932
-0.974932
-0.974932
-0.974932
-0.974932
-0.974932
-0.974932
-0.974932
-0.974932
-0.974932
-0.974932
-0.974932
-0.974932
-0.974932
-0.974932
-0.974932
-0.974932
-0.974932
-0.974932
-0.974932
-0.974932
-0.974932
-0.974932
-0.974932
-0.974932
-0.974932
-0.974932
-0.974932
-0.974932
-0.974932
-0.956205
-0.956205
-0.956205
-0.956205
-0.956205
-0.956205
-0.956205
-0.956205
-0.956205
-0.956205
-0.956205
-0.956205
-0.955033
-0.955033
-0.955033
-0.955033
-0.955033
-0.955033
-0.955033
-0.95023
-0.95023
-0.95023
-0.95023
-0.95023
-0.95023
-0.95023
-0.95023
-0.95023
-0.95023
-0.95023
-0.95023
-0.97341
-0.97341
-0.97341
-0.97341
-0.97341
-0.97341
-0.97341
-0.97341
-0.97341
-0.97341
-0.97341
-0.97341
-0.97341
-0.97341
-0.97341
-0.97341
-0.97341
-0.97341
-0.97341
-0.97341
-0.97341
-0.97341
-0.97341
-0.97341
-0.97341
-0.97341
-0.97341
-0.97341
-0.97341
-0.97341
-0.97341
-0.97341
-0.97341
-0.97341
-0.97341
-0.97341
-0.97341
-0.97341
-0.97341
-0.97341
-0.97341
-0.97341
-0.97341
-0.97341
-0.97341
-0.97341
-0.97341
-0.97341
-0.97341
-0.97341
-0.97341
-0.97341
-0.97341
-0.97341
-0.97341
-0.97341
-0.97341
-0.97341
-0.97341
-0.97341
-0.97341
-0.97341
-0.97341
-0.97341
-0.97341
-0.97341
-0.97341
-0.97341
-0.97341
-0.97341
-0.97341
-0.97341
-0.97341
-0.97341
-0.97341
-0.97341
-0.97341
-0.97341
-0.97341
-0.97341
-0.97341
-0.97341
-0.97341
-0.97341
-0.97341
-0.97341
-0.97341
-0.97341
-0.97341
-0.97341
-0.97341
-0.97341
-0.97341
-0.97341
-0.97341
-0.97341
-0.97341
-0.97341
-0.97341
-0.97341
-0.97341
-0.97341
-0.97341
-0.97341
-0.97341
-0.97341
-0.97341
-0.97341
-0.97341
-0.99818
-0.99818
-0.99818
-0.99818
-0.99818
-0.99818
-0.99818
-0.99818
-0.99818
-0.99818
-0.99818
-0.99818
-0.99818
-0.99818
-0.99818
-0.99818
-0.99818
-0.99818
-0.99818
-0.99818
-0.99818
-0.99818
-0.99818
-0.99818
-0.99818
-0.99818
-0.99818
-0.99818
-0.99818
-0.99818
-0.99818
-0.99818
-0.99818
-0.99818
-0.99818
-0.99818
-0.99818
-0.99818
-0.99818
-0.99818
-0.99818
-0.99818
-0.99818
-0.99818
-0.99818
-0.99818
-0.99818
-0.99818
-0.99818
-0.99818
-0.99818
-0.99818
-0.99818
-0.99818
-0.99818
-0.99818
-0.99818
-0.99818
-0.99818
-0.99818
-0.99818
-0.99818
-0.99818
-0.99818
-0.99818
-0.99818
-0.99818
-0.99818
-0.99818
-0.99818
-0.99818
-0.99818
-0.99818
-0.99818
-0.99818
-0.99818
-0.99818
-0.99818
-0.99818
-0.99818
-0.99818
-0.99818
-0.99818
-0.99818
-0.99818
-0.99818
-0.99818
-0.99818
-0.99818
-0.99818
-0.99818
-0.99818
-0.99818
-0.99818
-0.99818
-0.99818
-0.99818
-0.99818
-0.99818
-0.99818
-0.99818
-0.99818
-0.99818
-0.99818
-0.99818
-0.99818
-0.99818
-0.99818
-0.99818
-0.99818
-0.99818
-0.99818
-0.99818
-0.99818
-0.99818
-0.99818
-0.99818
-0.99818
-0.99818
-0.99818
-0.99818
-0.99818
-0.99818
-0.99818
-0.99818
-0.99818
-0.99818
-0.99818
-0.99818
-0.99818
-0.99818
-0.99818
-0.99818
-0.99818
-0.99818
-0.99818
-0.99818
-0.99818
-0.99818
-0.99818
-0.99818
-0.99818
-0.99818
-0.99818
-0.99818
-0.99818
-0.99818
-0.99818
-0.99818
-0.99818
-0.99818
-0.99818
-0.99818
-0.99818
-0.99818
-0.99818
-0.99818
-0.99818
-0.99818
-0.99818
-0.99818
-0.99818
-0.99818
-0.99818
-0.99818
-0.99818
-0.99818
-0.99818
-0.99818
-0.99818
-0.99818
-0.99818
-0.998949
-0.998949
-0.9971
-0.9971
-0.9971
-0.9971
-0.9971
-0.9971
-0.9971
-0.9971
-0.9971
-0.9971
-0.9971
-0.9971
-0.9971
-0.9971
-0.9971
-0.9971
-0.9971
-0.9971
-0.9971
-0.9971
-0.9971
-0.9971
-0.9971
-0.9971
-0.9971
-0.9971
-0.9971
-0.9971
-0.9971
-0.9971
-0.9971
-0.9971
-0.9971
-0.9971
-0.9971
-0.9971
-0.9971
-0.9971
-0.9971
-0.9971
-0.9971
-0.9971
-0.9971
-0.9971
-0.9971
-0.9971
-0.9971
-0.9971
-0.9971
-0.9971
-0.9971
-0.9971
-0.9971
-0.9971
-0.9971
-0.9971
-0.9971
-0.9971
-0.9971
-0.9971
-0.9971
-0.9971
-0.9971
-0.9971
-0.9971
-0.9971
-0.9971
-0.9971
-0.9971
-0.9971
-0.9971
-0.9971
-0.9971
-0.9971
-0.9971
-0.9971
-0.9971
-0.9971
-0.9971
-0.9971
-0.9971
-0.9971
-0.9971
-0.9971
-0.9971
-0.9971
-0.9971
-0.9971
-0.9971
-0.9971
-0.9971
-0.9971
-0.9971
-0.9971
-0.9971
-0.9971
-0.9971
-0.9971
-0.9971
-0.9971
-0.998022
-0.998022
-0.998022
-0.998022
-0.998022
-0.998022
-0.998022
-0.998022
-0.998022
-0.998022
-0.998022
-0.998022
-0.998022
-0.998022
-0.998022
-0.998022
-0.998022
-0.998022
-0.998022
-0.998022
-0.998022
-0.998022
-0.998022
-0.998022
-0.998022
-0.998022
-0.998022
-0.998022
-0.998022
-0.998022
-0.998022
-0.998022
-0.998022
-0.998022
-0.998022
-0.998022
-0.998022
-0.998022
-0.998022
-0.998022
-0.998022
-0.998022
-0.998022
-0.998022
-0.998022
-0.998022
-0.998022
-0.998022
-0.998022
-0.998022
-0.998022
-0.998022
-0.998022
-0.998022
-0.998022
-0.998022
-0.998022
-0.998022
-0.998022
-0.998022
-0.998022
-0.998022
-0.998022
-0.998022
-0.998022
-0.998022
-0.998022
-0.998022
-0.998022
-0.998022
-0.998022
-0.998022
-0.998022
-0.998022
-0.998022
-0.998022
-0.998022
-0.998022
-0.998022
-0.998022
-0.998022
-0.998022
-0.998022
-0.998022
-0.998022
-0.998022
-0.998022
-0.998022
-0.998022
-0.998022
-0.998022
-0.998022
-0.998022
-0.998022
-0.998022
-0.998022
-0.998022
-0.998022
-0.998022
-0.998022
-0.998022
-0.998022
-0.998022
-0.998022
-0.998022
-0.998022
-0.998022
-0.998022
-0.998022
-0.998022
-0.998022
-0.998022
-0.998022
-0.998022
-0.998022
-0.998022
-0.998022
-0.998022
-0.998022
-0.998022
-0.998022
-0.9982
-0.9982
-0.9982
-0.9982
-0.9982
-0.9982
-0.9982
-0.9982
-0.9982
-0.9982
-0.9982
-0.9982
-0.9982
-0.9982
-0.9982
-0.9982
-0.9982
-0.9982
-0.9982
-0.9982
-0.9982
-0.9982
-0.9982
-0.9982
-0.9982
-0.9982
-0.9982
-0.9982
-0.9982
-0.9982
-0.9982
-0.9982
-0.9982
-0.9982
-0.9982
-0.9982
-0.9982
-0.9982
-0.9982
-0.9982
-0.9982
-0.9982
-0.9982
-0.9982
-0.9982
-0.9982
-0.9982
-0.9982
-0.9982
-0.9982
-0.9982
-0.9982
-0.9982
-0.9982
-0.9982
-0.9982
-0.9982
-0.9982
-0.9982
-0.9982
-0.9982
-0.9982
-0.9982
-0.9982
-0.9982
-0.9982
-0.9982
-0.9982
-0.9982
-0.9982
-0.9982
-0.9982
-0.9982
-0.9982
-0.9982
-0.9982
-0.9982
-0.9982
-0.9982
-0.9982
-0.9982
-0.9982
-0.9982
-0.9982
-0.9982
-0.9982
-0.9982
-0.9982
-0.9982
-0.9982
-0.9982
-0.9982
-0.9982
-0.9982
-0.9982
-0.9982
-0.9982
-0.9982
-0.9982
-0.9982
-0.9982
-0.9982
-0.9982
-0.9982
-0.9982
-0.9982
-0.9982
-0.9982
-0.9982
-0.9982
-0.9982
-0.9982
-0.9982
-0.9982
-0.9982
-0.9982
-0.9982
-0.9982
-0.9982
-0.9982
-0.9982
-0.9982
-0.9982
-0.9982
-0.9982
-0.9982
-0.9982
-0.9982
-0.9982
-0.9982
-0.9982
-0.9982
-0.9982
-0.9982
-0.9982
-0.9982
-0.9982
-0.9982
-0.9982
-0.9982
-0.9982
-0.9982
-0.9982
-0.9982
-0.9982
-0.9982
-0.9982
-0.9982
-0.9982
-0.9982
-0.9982
-0.9982
-0.9982
-0.9982
-0.9982
-0.9982
-0.9982
-0.9982
-0.9982
-0.9982
-0.9982
-0.9982
-0.9982
-0.9982
-0.9982
-0.9982
-0.9982
-0.9982
-0.9982
-0.9982
-0.9982
-0.9982
-0.9982
-0.9982
-0.9982
-0.9982
-0.9982
-0.9982
-0.9982
-0.9982
-0.9982
-0.9982
-0.9982
-0.9982
-0.9982
-0.9982
-0.9982
-0.9982
-0.9982
-0.9982
-0.9982
-0.9982
-0.9982
-0.9982
-0.9982
-0.9982
-0.9982
-0.9982
-0.9982
-0.9982
-0.9982
-0.9982
-0.9982
-0.9982
-0.9982
-0.9982
-0.9982
-0.9982
-0.9982
-0.9982
-0.9982
-0.9982
-0.9982
-0.9982
-0.9982
-0.9982
-0.9982
-0.9982
-0.9982
-0.9982
-0.9982
-0.9982
-0.9982
-0.9982
-0.9982
-0.9982
-0.9982
-0.9982
-0.9982
-0.9982
-0.9982
-0.9982
-0.9982
-0.9982
-0.9982
-0.9982
-0.9982
-0.9982
-0.9982
-0.9982
-0.9982
-0.9982
-0.9982
-0.9982
-0.9982
-0.9982
-0.9982
-0.9982
-0.9982
-0.9982
-0.9982
-0.9982
-0.9982
-0.9982
-0.9982
-0.9982
-0.9982
-0.9982
-0.9982
-0.9982
-0.9982
-0.9982
-0.9982
-0.9982
-0.9982
-0.9982
-0.9982
-0.9982
-0.9982
-0.9982
-0.9982
-0.9982
-0.9982
-0.9982
-0.9982
-0.9982
-0.9982
-0.9982
-0.9982
-0.9982
-0.9982
-0.9982
-0.9982
-0.9982
-0.9982
-0.9982
-0.9982
-0.9982
-0.9982
-0.9982
-0.9982
-0.9982
-0.9982
-0.9982
-0.9982
-0.9982
-0.9982
-0.9982
-0.9982
-0.9982
-0.9982
-0.9982
-0.9982
-0.9982
-0.9982
-0.9982
-0.9982
-0.9982
-0.9982
-0.9982
-0.9982
-0.9982
-0.9982
-0.9982
-0.9982
-0.9982
-0.9982
-0.9982
-0.9982
-0.9982
-0.9982
-0.9982
-0.9982
-0.9982
-0.9982
-0.9982
-0.9982
-0.9982
-0.9982
-0.9982
-0.9982
-0.9982
-0.9982
-0.9982
-0.9982
-0.9982
-0.9982
-0.9982
-0.9982
-0.9982
-0.9982
-0.9982
-0.9982
-0.9982
-0.9982
-0.9982
-0.9982
-0.9982
-0.9982
-0.9982
-0.9982
-0.9982
-0.9982
-0.9982
-0.9982
-0.9982
-0.9982
-0.9982
-0.9982
-0.9982
-0.9982
-0.9982
-0.9982
-0.9982
-0.9982
-0.9982
-0.9982
-0.9982
-0.9982
-0.9982
-0.9982
-0.9982
-0.9982
-0.9982
-0.9982
-0.9982
-0.9982
-0.9982
-0.9982
-0.9982
-0.9982
-0.9982
-0.9982
-0.9982
-0.9982
-0.9982
-0.9982
-0.9982
-0.9982
-0.9982
-0.9982
-0.9982
-0.9982
-0.9982
-0.9982
-0.9982
-0.9982
-0.9982
-0.9982
-0.9982
-0.9982
-0.9982
-0.9982
-0.9982
-0.9982
-0.9982
-0.9982
-0.9982
-0.9982
-0.9982
-0.9982
-0.9982
-0.9982
-0.9982
-0.9982
-0.9982
-0.9982
-0.9982
-0.9982
-0.9982
-0.9982
-0.9982
-0.9982
-0.9982
-0.9982
-0.9982
-0.9982
-0.9982
-0.9982
-0.9982
-0.9982
-0.9982
-0.9982
-0.9982
-0.9982
-0.9982
-0.9982
-0.9982
-0.9982
-0.9982
-0.9982
-0.9982
-0.9982
-0.9982
-0.9982
-0.9982
-0.9982
-0.9982
-0.9982
-0.9982
-0.9982
-0.9982
-0.9982
-0.9982
-0.9982
-0.9982
-0.9982
-0.9982
-0.9982
-0.9982
-0.9982
-0.9982
-0.9982
-0.9982
-0.9982
-0.9982
-0.9982
-0.9982
-0.9982
-0.9982
-0.9982
-0.9982
-0.9982
-0.9982
-0.9982
-0.9982
-0.9982
-0.9982
-0.9982
-0.9982
-0.9982
-0.9982
-0.9982
-0.9982
-0.9982
-0.9982
-0.9982
-0.9982
-0.9982
-0.9982
-0.9982
-0.9982
-0.9982
-0.9982
-0.9982
-0.9982
-0.9982
-0.9982
-0.9982
-0.9982
-0.9982
-0.9982
-0.9982
-0.9982
-0.9982
-0.9982
-0.9982
-0.9982
-0.9982
-0.9982
-0.9982
-0.9982
-0.9982
-0.9982
-0.9982
-0.9982
-0.9982
-0.9982
-0.9982
-0.9982
-0.9982
-0.9982
-0.9982
-0.9982
