     1      1     -0.002115       0.000184      -0.005914       0.008274      -0.000326       0.008703      -0.000465      -0.017219       0.011144       0.001908  
     1      2     -0.004184       0.000554      -0.011493       0.015813       0.000149       0.016476       0.000077      -0.031993       0.019918       0.005274  
     1      3     -0.006158       0.001276      -0.016428       0.021947       0.002050       0.022555       0.002352      -0.042275       0.024739       0.011006  
     1      4     -0.007996       0.002475      -0.020458       0.026131       0.005688       0.026476       0.006587      -0.046746       0.025335       0.019091  
     1      5     -0.009654       0.004221      -0.023390       0.027993       0.010981       0.028151       0.012407      -0.045008       0.022803       0.028563  
     1      6     -0.011097       0.006517      -0.025114       0.027368       0.017459       0.027872       0.018865      -0.037623       0.019201       0.037795  
     1      7     -0.012292       0.009298      -0.025607       0.024311       0.024340       0.026234       0.024612      -0.025979       0.016804       0.045026  
     1      8     -0.013213       0.012431      -0.024931       0.019094       0.030677       0.024009       0.028172      -0.012027       0.017296       0.048942  
     1      9     -0.013838       0.015726      -0.023230       0.012181       0.035536       0.021985       0.028263       0.002078       0.021158       0.049106  
     1     10     -0.014155       0.018951      -0.020713       0.004185       0.038171       0.020796       0.024103       0.014351       0.027492       0.046088  
     1     11     -0.014155       0.021848      -0.017629      -0.004183       0.038171       0.020796       0.015632       0.023292       0.034322       0.041254  
     1     12     -0.013839       0.024161      -0.014255      -0.012179       0.035536       0.021986       0.003601       0.028109       0.039275       0.036284  
     1     13     -0.013213       0.025654      -0.010860      -0.019093       0.030677       0.024010      -0.010489       0.028780       0.040404       0.032589  
     1     14     -0.012293       0.026134      -0.007691      -0.024310       0.024339       0.026235      -0.024612       0.025978       0.036874       0.030825  
     1     15     -0.011098       0.025470      -0.004946      -0.027367       0.017458       0.027873      -0.036549       0.020868       0.029256       0.030681  
     1     16     -0.009655       0.023608      -0.002762      -0.027993       0.010981       0.028153      -0.044272       0.014819       0.019351       0.031009  
     1     17     -0.007996       0.020572      -0.001201      -0.026131       0.005687       0.026477      -0.046322       0.009101       0.009575       0.030247  
     1     18     -0.006159       0.016476      -0.000254      -0.021947       0.002049       0.022556      -0.042086       0.004631       0.002149       0.026995  
     1     19     -0.004184       0.011506       0.000160      -0.015813       0.000148       0.016477      -0.031941       0.001804      -0.001652       0.020541  
     1     20     -0.002116       0.005914       0.000184      -0.008274      -0.000326       0.008704      -0.017218       0.000465      -0.001909       0.011146  

     2      1     -0.004184       0.000161      -0.011505       0.015814      -0.001381       0.016419      -0.001804      -0.031942       0.020538       0.001650  
     2      2     -0.008274       0.000695      -0.022353       0.030222      -0.001161       0.031015      -0.001602      -0.059297       0.036420       0.006234  
     2      3     -0.012179       0.001934      -0.031934       0.041945       0.001911       0.042296       0.002068      -0.078233       0.044553       0.015587  
     2      4     -0.015813       0.004129      -0.039738       0.049941       0.008466       0.049361       0.009700      -0.086290       0.044428       0.029733  
     2      5     -0.019093       0.007422      -0.045388       0.053500       0.018358       0.052053       0.020617      -0.082750       0.038243       0.046803  
     2      6     -0.021947       0.011825      -0.048668       0.052305       0.030666       0.050959       0.033028      -0.068708       0.030094       0.063613  
     2      7     -0.024310       0.017210      -0.049534       0.046463       0.043858       0.047271       0.044350      -0.046813       0.024506       0.076714  
     2      8     -0.026131       0.023318      -0.048115       0.036492       0.056071       0.042527       0.051730      -0.020758       0.024824       0.083535  
     2      9     -0.027368       0.029774      -0.044695       0.023279       0.065463       0.038289       0.052669       0.005393       0.032017       0.083231  
     2     10     -0.027993       0.036121      -0.039687       0.007998       0.070565       0.035819       0.045602       0.027915       0.044320       0.076945  
     2     11     -0.027993       0.041851      -0.033590      -0.007994       0.070565       0.035819       0.030337       0.044028       0.057828       0.067386  
     2     12     -0.027368       0.046456      -0.026945      -0.023276       0.065463       0.038291       0.008230       0.052300       0.067847       0.057875  
     2     13     -0.026131       0.049468      -0.020288      -0.036489       0.056071       0.042529      -0.017934       0.052774       0.070524       0.051194  
     2     14     -0.024311       0.050506      -0.014103      -0.046460       0.043858       0.047274      -0.044350       0.046811       0.064196       0.048628  
     2     15     -0.021948       0.049308      -0.008782      -0.052303       0.030665       0.050962      -0.066824       0.036689       0.049980       0.049543  
     2     16     -0.019094       0.045762      -0.004591      -0.053498       0.018357       0.052056      -0.081516       0.025055       0.031415       0.051639  
     2     17     -0.015814       0.039919      -0.001655      -0.049940       0.008465       0.049364      -0.085639       0.014345       0.013259       0.051796  
     2     18     -0.012180       0.031993       0.000052      -0.041944       0.001910       0.042299      -0.078007       0.006288      -0.000123       0.047208  
     2     19     -0.008274       0.022353       0.000694      -0.030221      -0.001162       0.031017      -0.059297       0.001602      -0.006238       0.036426  
     2     20     -0.004184       0.011493       0.000554      -0.015813      -0.001381       0.016420      -0.031992      -0.000077      -0.005277       0.019921  

     3      1     -0.006158      -0.000253      -0.016475       0.021948      -0.003731       0.022338      -0.004631      -0.042087       0.026991      -0.002152  
     3      2     -0.012179       0.000053      -0.031992       0.041945      -0.005069       0.042035      -0.006288      -0.078008       0.047201       0.000118  
     3      3     -0.017928       0.001420      -0.045667       0.058215      -0.002132       0.056931      -0.002772      -0.102625       0.056148       0.009610  
     3      4     -0.023277       0.004225      -0.056755       0.069313       0.006042       0.065741       0.006745      -0.112671       0.053148       0.026456  
     3      5     -0.028105       0.008689      -0.064710       0.074253       0.019271       0.068268       0.021419      -0.107254       0.041502       0.047991  
     3      6     -0.032306       0.014835      -0.069224       0.072594       0.036230       0.065409       0.038804      -0.087934       0.027295       0.069611  
     3      7     -0.035785       0.022485      -0.070238       0.064486       0.054691       0.058946       0.055303      -0.058375       0.017238       0.086309  
     3      8     -0.038465       0.031263      -0.067949       0.050648       0.071929       0.051166       0.066888      -0.023629       0.016295       0.094356  
     3      9     -0.040285       0.040622      -0.062779       0.032309       0.085251       0.044387       0.069968       0.010791       0.025925       0.092555  
     3     10     -0.041206       0.049891      -0.055338       0.011100       0.092507       0.040476       0.062215       0.039879       0.043550       0.082617  
     3     11     -0.041206       0.058326      -0.046362      -0.011095       0.092508       0.040477       0.043180       0.059971       0.063434       0.068545  
     3     12     -0.040286       0.065178      -0.036649      -0.032305       0.085251       0.044388       0.014553       0.069282       0.078667       0.055230  
     3     13     -0.038466       0.069757      -0.026987      -0.050644       0.071929       0.051169      -0.019982       0.068065       0.083567       0.046749  
     3     14     -0.035786       0.071498      -0.018084      -0.064482       0.054690       0.058949      -0.055303       0.058373       0.075662       0.044965  
     3     15     -0.032307       0.070011      -0.010511      -0.072591       0.036230       0.065413      -0.085710       0.043495       0.056567       0.048899  
     3     16     -0.028106       0.065126      -0.004656      -0.074250       0.019270       0.068272      -0.105940       0.027178       0.031450       0.055109  
     3     17     -0.023278       0.056909      -0.000695      -0.069312       0.006041       0.065745      -0.112142       0.012819       0.007267       0.058931  
     3     18     -0.017929       0.045668       0.001417      -0.058214      -0.002133       0.056934      -0.102624       0.002773      -0.009617       0.056157  
     3     19     -0.012180       0.031935       0.001932      -0.041944      -0.005070       0.042037      -0.078233      -0.002068      -0.015593       0.044560  
     3     20     -0.006159       0.016428       0.001276      -0.021947      -0.003732       0.022339      -0.042275      -0.002352      -0.011009       0.024743  

     4      1     -0.007996      -0.001200      -0.020572       0.026131      -0.007652       0.025976      -0.009101      -0.046322       0.030243      -0.009578  
     4      2     -0.015813      -0.001653      -0.039918       0.049941      -0.012134       0.048590      -0.014345      -0.085640       0.051788      -0.013265  
     4      3     -0.023277      -0.000693      -0.056907       0.069313      -0.010942       0.065105      -0.012818      -0.112142       0.058922      -0.007274  
     4      4     -0.030221       0.002194      -0.070593       0.082527      -0.002768       0.073915      -0.003301      -0.122189       0.050857       0.008704  
     4      5     -0.036490       0.007306      -0.080280       0.088408       0.012205       0.074823       0.013362      -0.114886       0.031972       0.031344  
     4      6     -0.041943       0.014692      -0.085582       0.086433       0.032309       0.069047       0.034333      -0.092170       0.010251       0.054786  
     4      7     -0.046461       0.024132      -0.086436       0.076779       0.054691       0.058946       0.055303      -0.058375      -0.005520       0.072631  
     4      8     -0.049940       0.035149      -0.083108       0.060302       0.075850       0.047528       0.071359      -0.019393      -0.008834       0.080127  
     4      9     -0.052303       0.047044      -0.076154       0.038468       0.092317       0.037831       0.078024       0.018424       0.002249       0.075782  
     4     10     -0.053499       0.058948      -0.066371       0.013215       0.101317       0.032302       0.072262       0.049397       0.024414       0.061866  
     4     11     -0.053499       0.069899      -0.054717      -0.013211       0.101318       0.032303       0.053226       0.069489       0.050230       0.043596  
     4     12     -0.052304       0.078925      -0.042229      -0.038464       0.092316       0.037833       0.022609       0.076915       0.070725       0.027322  
     4     13     -0.049941       0.085127      -0.029925      -0.060299       0.075850       0.047531      -0.015511       0.072301       0.078506       0.018318  
     4     14     -0.046462       0.087766      -0.018723      -0.076776       0.054690       0.058949      -0.055303       0.058374       0.070332       0.018953  
     4     15     -0.041945       0.086328      -0.009353      -0.086431       0.032309       0.069051      -0.090181       0.039259       0.048254       0.027894  
     4     16     -0.036491       0.080580      -0.002310      -0.088406       0.012204       0.074827      -0.113996       0.019546       0.018921       0.040584  
     4     17     -0.030222       0.070594       0.002191      -0.082525      -0.002770       0.073919      -0.122188       0.003301      -0.008712       0.050866  
     4     18     -0.023278       0.056756       0.004223      -0.069312      -0.010944       0.065108      -0.112670      -0.006745      -0.026464       0.053157  
     4     19     -0.015814       0.039739       0.004127      -0.049940      -0.012136       0.048592      -0.086289      -0.009700      -0.029740       0.044435  
     4     20     -0.007996       0.020458       0.002475      -0.026131      -0.007653       0.025977      -0.046746      -0.006587      -0.019094       0.025339  

     5      1     -0.009654      -0.002760      -0.023607       0.027993      -0.013056       0.027251      -0.014819      -0.044273       0.031005      -0.019353  
     5      2     -0.019093      -0.004589      -0.045761       0.053500      -0.022199       0.050534      -0.025055      -0.081517       0.051633      -0.031420  
     5      3     -0.028105      -0.004654      -0.065125       0.074252      -0.024323       0.066635      -0.027178      -0.105941       0.055101      -0.031457  
     5      4     -0.036490      -0.002307      -0.080579       0.088408      -0.017768       0.073700      -0.019545      -0.113998       0.040577      -0.018927  
     5      5     -0.044059       0.002838      -0.091310       0.094707      -0.002681       0.071571      -0.002835      -0.104971       0.013452       0.002302  
     5      6     -0.050644       0.010861      -0.096871       0.092592       0.018991       0.061790       0.020013      -0.081040      -0.016535       0.025293  
     5      7     -0.056098       0.021519      -0.097206       0.082250       0.043858       0.047271       0.044350      -0.046813      -0.038692       0.042440  
     5      8     -0.060299       0.034251      -0.092651       0.064599       0.067746       0.031694       0.064746      -0.008427      -0.045094       0.048102  
     5      9     -0.063153       0.048225      -0.083890       0.041208       0.086501       0.018770       0.076122       0.027613      -0.033342       0.040553  
     5     10     -0.064596       0.062402      -0.071893       0.014156       0.096798       0.011479       0.074848       0.055623      -0.007403       0.022585  
     5     11     -0.064596       0.075625      -0.057822      -0.014154       0.096798       0.011479       0.059583       0.071736       0.023768       0.000526  
     5     12     -0.063154       0.086719      -0.042928      -0.041206       0.086501       0.018772       0.031683       0.074521       0.049339      -0.017959  
     5     13     -0.060300       0.094596      -0.028436      -0.064597       0.067747       0.031697      -0.004919       0.065107       0.060364      -0.026530  
     5     14     -0.056100       0.098353      -0.015446      -0.082247       0.043858       0.047274      -0.044350       0.046813       0.052893      -0.022373  
     5     15     -0.050646       0.097357      -0.004829      -0.092590       0.018990       0.061794      -0.079840       0.024360       0.029351      -0.007178  
     5     16     -0.044061       0.091311       0.002834      -0.094706      -0.002682       0.071575      -0.104970       0.002837      -0.002307       0.013457  
     5     17     -0.036491       0.080281       0.007303      -0.088406      -0.017769       0.073704      -0.114885      -0.013362      -0.031351       0.031978  
     5     18     -0.028107       0.064712       0.008686      -0.074251      -0.024325       0.066638      -0.107252      -0.021418      -0.047997       0.041509  
     5     19     -0.019094       0.045389       0.007420      -0.053499      -0.022201       0.050536      -0.082750      -0.020617      -0.046808       0.038249  
     5     20     -0.009655       0.023391       0.004220      -0.027993      -0.013057       0.027252      -0.045008      -0.012407      -0.028566       0.022806  

     6      1     -0.011097      -0.004945      -0.025470       0.027368      -0.019495       0.026487      -0.020869      -0.036549       0.030679      -0.029258  
     6      2     -0.021947      -0.008780      -0.049308       0.052305      -0.034392       0.048522      -0.036689      -0.066826       0.049539      -0.049982  
     6      3     -0.032306      -0.010508      -0.070011       0.072594      -0.041022       0.062515      -0.043495      -0.085711       0.048894      -0.056570  
     6      4     -0.041943      -0.009350      -0.086328       0.086433      -0.037384       0.066435      -0.039259      -0.090183       0.027889      -0.048258  
     6      5     -0.050644      -0.004826      -0.097358       0.092592      -0.023560       0.060196      -0.024358      -0.079842      -0.007181      -0.029354  
     6      6     -0.058214       0.003188      -0.102614       0.090524      -0.001710       0.045655      -0.001538      -0.056954      -0.045036      -0.007709  
     6      7     -0.064483       0.014437      -0.102058       0.080412       0.024339       0.026232       0.024613      -0.025980      -0.073309       0.008039  
     6      8     -0.069312       0.028301      -0.096097       0.063155       0.049845       0.006224       0.048577       0.007303      -0.082828       0.011494  
     6      9     -0.072592       0.043840      -0.085535       0.040287       0.070076      -0.010062       0.065030       0.036911      -0.070788       0.000745  
     6     10     -0.074251       0.059872      -0.071496       0.013839       0.081243      -0.019166       0.069950       0.057787      -0.041715      -0.020957  
     6     11     -0.074251       0.075071      -0.055322      -0.013839       0.081243      -0.019166       0.061478       0.066729      -0.005885      -0.046314  
     6     12     -0.072593       0.088088      -0.038450      -0.040287       0.070077      -0.010061       0.040368       0.062944       0.024250      -0.066513  
     6     13     -0.069313       0.097667      -0.022285      -0.063155       0.049846       0.006226       0.009915       0.048112       0.038390      -0.074292  
     6     14     -0.064485       0.102756      -0.008077      -0.080411       0.024340       0.026235      -0.024613       0.025980       0.031964      -0.066463  
     6     15     -0.058216       0.102613       0.003185      -0.090523      -0.001710       0.045658      -0.056953       0.001540       0.007707      -0.045035  
     6     16     -0.050646       0.096870       0.010858      -0.092591      -0.023561       0.060199      -0.081039      -0.020011      -0.025297      -0.016533  
     6     17     -0.041946       0.085582       0.014689      -0.086432      -0.037385       0.066439      -0.092169      -0.034332      -0.054790       0.010254  
     6     18     -0.032308       0.069224       0.014833      -0.072593      -0.041023       0.062518      -0.087933      -0.038803      -0.069615       0.027299  
     6     19     -0.021948       0.048669       0.011823      -0.052304      -0.034393       0.048524      -0.068707      -0.033028      -0.063616       0.030097  
     6     20     -0.011098       0.025115       0.006516      -0.027368      -0.019495       0.026488      -0.037622      -0.018865      -0.037797       0.019203  

     7      1     -0.012292      -0.007690      -0.026134       0.024312      -0.026234       0.024339      -0.025979      -0.024613       0.030824      -0.036873  
     7      2     -0.024310      -0.014101      -0.050506       0.046463      -0.047272       0.043857      -0.046812      -0.044351       0.048626      -0.064196  
     7      3     -0.035785      -0.018081      -0.071498       0.064486      -0.058947       0.054689      -0.058374      -0.055305       0.044963      -0.075661  
     7      4     -0.046461      -0.018719      -0.087767       0.076779      -0.058947       0.054688      -0.058373      -0.055305       0.018952      -0.070332  
     7      5     -0.056098      -0.015443      -0.098354       0.082250      -0.047272       0.043856      -0.046812      -0.044352      -0.022373      -0.052894  
     7      6     -0.064483      -0.008075      -0.102757       0.080412      -0.026234       0.024337      -0.025978      -0.024614      -0.066461      -0.031964  
     7      7     -0.071427       0.003136      -0.100967       0.071430      -0.000000      -0.000002       0.000001      -0.000001      -0.099566      -0.017043  
     7      8     -0.076776       0.017530      -0.093460       0.056100       0.026234      -0.024341       0.025980       0.024612      -0.111487      -0.015159  
     7      9     -0.080409       0.034089      -0.081145       0.035786       0.047272      -0.043859       0.046813       0.044350      -0.099086      -0.028387  
     7     10     -0.082247       0.051516      -0.065284       0.012292       0.058947      -0.054691       0.058374       0.055304      -0.067355      -0.053093  
     7     11     -0.082247       0.068352      -0.047368      -0.012294       0.058947      -0.054691       0.058374       0.055305      -0.027667      -0.081181  
     7     12     -0.080411       0.083102      -0.028990      -0.035788       0.047272      -0.043858       0.046812       0.044352       0.006186      -0.102888  
     7     13     -0.076777       0.094366      -0.011699      -0.056101       0.026235      -0.024339       0.025978       0.024614       0.022785      -0.110184  
     7     14     -0.071429       0.100966       0.003134      -0.071430       0.000000       0.000000      -0.000000       0.000002       0.017042      -0.099568  
     7     15     -0.064485       0.102057       0.014435      -0.080412      -0.026234       0.024340      -0.025979      -0.024610      -0.008040      -0.073311  
     7     16     -0.056101       0.097206       0.021516      -0.082249      -0.047273       0.043859      -0.046812      -0.044348      -0.042442      -0.038693  
     7     17     -0.046463       0.086436       0.024130      -0.076778      -0.058948       0.054691      -0.058373      -0.055302      -0.072633      -0.005520  
     7     18     -0.035787       0.070238       0.022483      -0.064485      -0.058948       0.054691      -0.058373      -0.055302      -0.086310       0.017239  
     7     19     -0.024311       0.049534       0.017208      -0.046462      -0.047273       0.043858      -0.046811      -0.044349      -0.076715       0.024507  
     7     20     -0.012293       0.025607       0.009297      -0.024311      -0.026235       0.024340      -0.025978      -0.024612      -0.045027       0.016805  

     8      1     -0.013213      -0.010859      -0.025654       0.019094      -0.032387       0.021647      -0.028781      -0.010489       0.032589      -0.040403  
     8      2     -0.026131      -0.020286      -0.049469       0.036492      -0.059096       0.038213      -0.052775      -0.017936       0.051195      -0.070522  
     8      3     -0.038465      -0.026984      -0.069757       0.050648      -0.075556       0.045641      -0.068066      -0.019984       0.046750      -0.083563  
     8      4     -0.049940      -0.029923      -0.085128       0.060303      -0.079194       0.041720      -0.072302      -0.015513       0.018319      -0.078502  
     8      5     -0.060299      -0.028434      -0.094597       0.064599      -0.069929       0.026537      -0.065106      -0.004921      -0.026527      -0.060361  
     8      6     -0.069312      -0.022283      -0.097668       0.063156      -0.050172       0.002477      -0.048110       0.009914      -0.074289      -0.038389  
     8      7     -0.076776      -0.011698      -0.094368       0.056100      -0.024340      -0.026236      -0.024611       0.025978      -0.110182      -0.022785  
     8      8     -0.082525       0.002646      -0.085238       0.044060       0.002036      -0.054362       0.001075       0.039734      -0.123233      -0.021095  
     8      9     -0.086431       0.019678      -0.071281       0.028105       0.023411      -0.076677       0.024437       0.047849      -0.110065      -0.035540  
     8     10     -0.088406       0.038023      -0.053867       0.009653       0.035335      -0.088994       0.041612       0.047908      -0.076040      -0.062211  
     8     11     -0.088406       0.056120      -0.034610      -0.009657       0.035336      -0.088994       0.050083       0.038966      -0.033380      -0.092402  
     8     12     -0.086432       0.072362      -0.015220      -0.028109       0.023413      -0.076676       0.049097       0.021819       0.003090      -0.115619  
     8     13     -0.082527       0.085235       0.002646      -0.044063       0.002037      -0.054361       0.039734      -0.001071       0.021093      -0.123234  
     8     14     -0.076778       0.093458       0.017529      -0.056102      -0.024339      -0.026234       0.024612      -0.025977       0.015158      -0.111489  
     8     15     -0.069314       0.096096       0.028300      -0.063156      -0.050171       0.002478       0.007303      -0.048574      -0.011494      -0.082831  
     8     16     -0.060301       0.092650       0.034249      -0.064598      -0.069928       0.026538      -0.008426      -0.064745      -0.048100      -0.045097  
     8     17     -0.049942       0.083107       0.035148      -0.060301      -0.079194       0.041721      -0.019391      -0.071358      -0.080124      -0.008838  
     8     18     -0.038467       0.067948       0.031261      -0.050646      -0.075557       0.045642      -0.023626      -0.066887      -0.094354       0.016292  
     8     19     -0.026132       0.048115       0.023316      -0.036491      -0.059097       0.038213      -0.020756      -0.051730      -0.083533       0.024822  
     8     20     -0.013214       0.024931       0.012430      -0.019094      -0.032388       0.021647      -0.012026      -0.028172      -0.048941       0.017295  

     9      1     -0.013838      -0.014254      -0.024161       0.012181      -0.037081       0.019264      -0.028110       0.003600       0.036286      -0.039272  
     9      2     -0.027367      -0.026943      -0.046456       0.023280      -0.068144       0.033283      -0.052301       0.008228       0.057878      -0.067842  
     9      3     -0.040285      -0.036647      -0.065179       0.032310      -0.088334       0.037883      -0.069284       0.014551       0.055233      -0.078661  
     9      4     -0.052303      -0.042226      -0.078926       0.038468      -0.094889       0.030818      -0.076916       0.022607       0.027326      -0.070719  
     9      5     -0.063153      -0.042926      -0.086721       0.041209      -0.087664       0.012245      -0.074520       0.031681      -0.017955      -0.049333  
     9      6     -0.072592      -0.038449      -0.088090       0.040287      -0.069128      -0.015277      -0.062941       0.040366      -0.066510      -0.024247  
     9      7     -0.080409      -0.028989      -0.083104       0.035786      -0.043859      -0.047273      -0.044349       0.046812      -0.102886      -0.006186  
     9      8     -0.086431      -0.015220      -0.072365       0.028105      -0.017610      -0.078213      -0.021815       0.049098      -0.115620      -0.003092  
     9      9     -0.090522       0.001767      -0.056947       0.017927       0.003843      -0.102591       0.001235       0.045674      -0.101193      -0.017322  
     9     10     -0.092590       0.020549      -0.038305       0.006156       0.015859      -0.116001       0.021614       0.035766      -0.065237      -0.044801  
     9     11     -0.092591       0.039503      -0.018136      -0.006162       0.015859      -0.116001       0.036879       0.019653      -0.020557      -0.076420  
     9     12     -0.090523       0.056944       0.001767      -0.017932       0.003844      -0.102591       0.045672      -0.001232       0.017318      -0.101191  
     9     13     -0.086433       0.071278       0.019678      -0.028109      -0.017608      -0.078213       0.047847      -0.024434       0.035537      -0.110065  
     9     14     -0.080412       0.081144       0.034088      -0.035789      -0.043857      -0.047273       0.044349      -0.046811       0.028386      -0.099088  
     9     15     -0.072594       0.085534       0.043839      -0.040288      -0.069127      -0.015277       0.036911      -0.065029      -0.000743      -0.070792  
     9     16     -0.063155       0.083889       0.048224      -0.041208      -0.087663       0.012245       0.027614      -0.076122      -0.040549      -0.033347  
     9     17     -0.052305       0.076153       0.047043      -0.038466      -0.094889       0.030818       0.018425      -0.078024      -0.075777       0.002243  
     9     18     -0.040287       0.062779       0.040621      -0.032307      -0.088334       0.037883       0.010793      -0.069968      -0.092549       0.025920  
     9     19     -0.027369       0.044695       0.029774      -0.023278      -0.068145       0.033283       0.005395      -0.052669      -0.083227       0.032014  
     9     20     -0.013839       0.023230       0.015726      -0.012180      -0.037082       0.019264       0.002079      -0.028264      -0.049104       0.021156  

    10      1     -0.014155      -0.017629      -0.021848       0.004185      -0.039620       0.017881      -0.023294       0.015630       0.041256      -0.034319  
    10      2     -0.027993      -0.033588      -0.041852       0.007998      -0.073047       0.030438      -0.044030       0.030335       0.067389      -0.057822  
    10      3     -0.041206      -0.046361      -0.058327       0.011101      -0.095277       0.033441      -0.059973       0.043178       0.068550      -0.063427  
    10      4     -0.053498      -0.054715      -0.069900       0.013216      -0.103451       0.024631      -0.069491       0.053224       0.043601      -0.050222  
    10      5     -0.064596      -0.057821      -0.075627       0.014157      -0.097387       0.004204      -0.071736       0.059581       0.000530      -0.023761  
    10      6     -0.074251      -0.055321      -0.075073       0.013840      -0.079582      -0.025191      -0.066728       0.061477      -0.046311       0.005889  
    10      7     -0.082247      -0.047368      -0.068355       0.012293      -0.054691      -0.058948      -0.055303       0.058374      -0.081180       0.027667  
    10      8     -0.088406      -0.034610      -0.056123       0.009653      -0.028578      -0.091388      -0.038963       0.050083      -0.092403       0.033378  
    10      9     -0.092590      -0.018137      -0.039506       0.006156      -0.007135      -0.116862      -0.019650       0.036880      -0.076424       0.020552  
    10     10     -0.094706       0.000619      -0.020010       0.002112       0.004903      -0.130851       0.000529       0.019565      -0.039027      -0.006680  
    10     11     -0.094707       0.020006       0.000620      -0.002119       0.004903      -0.130851       0.019564      -0.000527       0.006674      -0.039022  
    10     12     -0.092591       0.038302       0.020550      -0.006162      -0.007134      -0.116862       0.035763      -0.021612       0.044796      -0.065233  
    10     13     -0.088408       0.053865       0.038023      -0.009658      -0.028576      -0.091389       0.047905      -0.041610       0.062209      -0.076039  
    10     14     -0.082249       0.065282       0.051516      -0.012295      -0.054689      -0.058949       0.055302      -0.058373       0.053093      -0.067356  
    10     15     -0.074253       0.071495       0.059871      -0.013840      -0.079581      -0.025192       0.057786      -0.069950       0.020960      -0.041718  
    10     16     -0.064598       0.071892       0.062401      -0.014156      -0.097386       0.004203       0.055623      -0.074848      -0.022579      -0.007409  
    10     17     -0.053500       0.066370       0.058947      -0.013214      -0.103451       0.024630       0.049398      -0.072263      -0.061858       0.024408  
    10     18     -0.041207       0.055337       0.049890      -0.011098      -0.095278       0.033440       0.039881      -0.062216      -0.082610       0.043544  
    10     19     -0.027994       0.039687       0.036120      -0.007996      -0.073048       0.030438       0.027917      -0.045603      -0.076939       0.044316  
    10     20     -0.014155       0.020712       0.018950      -0.004184      -0.039621       0.017881       0.014352      -0.024104      -0.046085       0.027490  

    11      1     -0.014155      -0.020712      -0.018951      -0.004182      -0.039620       0.017882      -0.014352       0.024102       0.046090      -0.027489  
    11      2     -0.027993      -0.039686      -0.036122      -0.007993      -0.073047       0.030439      -0.027917       0.045600       0.076950      -0.044314  
    11      3     -0.041206      -0.055337      -0.049892      -0.011095      -0.095277       0.033442      -0.039881       0.062213       0.082622      -0.043542  
    11      4     -0.053499      -0.066369      -0.058949      -0.013210      -0.103452       0.024632      -0.049399       0.072259       0.061871      -0.024406  
    11      5     -0.064596      -0.071892      -0.062403      -0.014152      -0.097387       0.004205      -0.055624       0.074846       0.022590       0.007410  
    11      6     -0.074251      -0.071495      -0.059874      -0.013837      -0.079582      -0.025190      -0.057787       0.069949      -0.020954       0.041719  
    11      7     -0.082247      -0.065284      -0.051518      -0.012293      -0.054691      -0.058947      -0.055303       0.058374      -0.053093       0.067356  
    11      8     -0.088406      -0.053868      -0.038026      -0.009656      -0.028578      -0.091387      -0.047906       0.041612      -0.062214       0.076038  
    11      9     -0.092591      -0.038305      -0.020552      -0.006161      -0.007134      -0.116861      -0.035763       0.021614      -0.044805       0.065232  
    11     10     -0.094706      -0.020010      -0.000623      -0.002119       0.004903      -0.130850      -0.019564       0.000530      -0.006686       0.039020  
    11     11     -0.094707      -0.000623       0.020007       0.002112       0.004903      -0.130851      -0.000529      -0.019563       0.039015       0.006679  
    11     12     -0.092591       0.018133       0.039504       0.006156      -0.007133      -0.116862       0.019650      -0.036878       0.076415      -0.020553  
    11     13     -0.088408       0.034608       0.056121       0.009652      -0.028576      -0.091389       0.038963      -0.050082       0.092399      -0.033377  
    11     14     -0.082249       0.047367       0.068353       0.012291      -0.054689      -0.058949       0.055302      -0.058374       0.081181      -0.027666  
    11     15     -0.074253       0.055321       0.075071       0.013837      -0.079581      -0.025192       0.066728      -0.061479       0.046318      -0.005887  
    11     16     -0.064598       0.057821       0.075625       0.014154      -0.097386       0.004203       0.071736      -0.059584      -0.000519       0.023764  
    11     17     -0.053500       0.054716       0.069899       0.013213      -0.103451       0.024629       0.069491      -0.053228      -0.043588       0.050224  
    11     18     -0.041207       0.046362       0.058326       0.011098      -0.095278       0.033440       0.059973      -0.043182      -0.068537       0.063429  
    11     19     -0.027994       0.033589       0.041851       0.007996      -0.073048       0.030437       0.044029      -0.030338      -0.067380       0.057824  
    11     20     -0.014155       0.017629       0.021848       0.004184      -0.039621       0.017881       0.023294      -0.015632      -0.041251       0.034320  

    12      1     -0.013838      -0.023230      -0.015727      -0.012178      -0.037081       0.019265      -0.002080       0.028262       0.049108      -0.021155  
    12      2     -0.027368      -0.044695      -0.029775      -0.023275      -0.068145       0.033285      -0.005396       0.052667       0.083235      -0.032012  
    12      3     -0.040286      -0.062778      -0.040623      -0.032304      -0.088334       0.037885      -0.010794       0.069966       0.092560      -0.025919  
    12      4     -0.052304      -0.076153      -0.047045      -0.038463      -0.094889       0.030820      -0.018426       0.078022       0.075787      -0.002243  
    12      5     -0.063153      -0.083890      -0.048226      -0.041204      -0.087664       0.012248      -0.027615       0.076121       0.040557       0.033347  
    12      6     -0.072593      -0.085535      -0.043842      -0.040285      -0.069128      -0.015275      -0.036912       0.065029       0.000747       0.070791  
    12      7     -0.080410      -0.081146      -0.034091      -0.035786      -0.043858      -0.047271      -0.044350       0.046812      -0.028387       0.099087  
    12      8     -0.086432      -0.071281      -0.019681      -0.028107      -0.017609      -0.078211      -0.047848       0.024436      -0.035543       0.110064  
    12      9     -0.090522      -0.056947      -0.001770      -0.017931       0.003844      -0.102589      -0.045673       0.001235      -0.017327       0.101190  
    12     10     -0.092591      -0.039506       0.018133      -0.006161       0.015860      -0.116000      -0.036879      -0.019650       0.020547       0.076419  
    12     11     -0.092591      -0.020553       0.038302       0.006156       0.015860      -0.116000      -0.021614      -0.035763       0.065228       0.044800  
    12     12     -0.090523      -0.001770       0.056945       0.017927       0.003845      -0.102591      -0.001235      -0.045673       0.101187       0.017322  
    12     13     -0.086433       0.015218       0.072363       0.028104      -0.017608      -0.078213       0.021816      -0.049098       0.115618       0.003093  
    12     14     -0.080412       0.028989       0.083103       0.035785      -0.043857      -0.047274       0.044349      -0.046813       0.102889       0.006188  
    12     15     -0.072594       0.038449       0.088089       0.040286      -0.069127      -0.015278       0.062942      -0.040369       0.066517       0.024249  
    12     16     -0.063155       0.042927       0.086719       0.041207      -0.087663       0.012244       0.074521      -0.031685       0.017965       0.049336  
    12     17     -0.052305       0.042228       0.078925       0.038466      -0.094889       0.030817       0.076916      -0.022611      -0.027315       0.070722  
    12     18     -0.040287       0.036649       0.065177       0.032308      -0.088334       0.037882       0.069284      -0.014555      -0.055223       0.078664  
    12     19     -0.027369       0.026944       0.046456       0.023278      -0.068145       0.033283       0.052301      -0.008231      -0.057870       0.067844  
    12     20     -0.013839       0.014255       0.024161       0.012180      -0.037082       0.019264       0.028110      -0.003602      -0.036282       0.039273  

    13      1     -0.013213      -0.024931      -0.012431      -0.019092      -0.032388       0.021648       0.012026       0.028171       0.048944      -0.017295  
    13      2     -0.026131      -0.048115      -0.023318      -0.036488      -0.059097       0.038215       0.020756       0.051728       0.083538      -0.024822  
    13      3     -0.038465      -0.067949      -0.031263      -0.050642      -0.075557       0.045644       0.023626       0.066886       0.094360      -0.016292  
    13      4     -0.049940      -0.083107      -0.035150      -0.060297      -0.079194       0.041724       0.019390       0.071357       0.080131       0.008837  
    13      5     -0.060300      -0.092651      -0.034251      -0.064595      -0.069929       0.026541       0.008424       0.064745       0.048104       0.045096  
    13      6     -0.069312      -0.096097      -0.028302      -0.063153      -0.050172       0.002481      -0.007305       0.048576       0.011495       0.082829  
    13      7     -0.076777      -0.093460      -0.017532      -0.056100      -0.024339      -0.026232      -0.024613       0.025979      -0.015161       0.111487  
    13      8     -0.082526      -0.085238      -0.002648      -0.044061       0.002037      -0.054358      -0.039735       0.001074      -0.021098       0.123233  
    13      9     -0.086432      -0.072364       0.015217      -0.028108       0.023413      -0.076674      -0.049098      -0.021816      -0.003096       0.115618  
    13     10     -0.088407      -0.056123       0.034607      -0.009657       0.035337      -0.088992      -0.050083      -0.038964       0.033374       0.092401  
    13     11     -0.088408      -0.038025       0.053865       0.009653       0.035337      -0.088993      -0.041611      -0.047906       0.076035       0.062211  
    13     12     -0.086433      -0.019680       0.071279       0.028104       0.023413      -0.076676      -0.024436      -0.047849       0.110063       0.035540  
    13     13     -0.082527      -0.002647       0.085236       0.044059       0.002038      -0.054361      -0.001074      -0.039735       0.123234       0.021096  
    13     14     -0.076778       0.011698       0.094366       0.056099      -0.024339      -0.026235       0.024612      -0.025981       0.110185       0.022787  
    13     15     -0.069314       0.022285       0.097667       0.063155      -0.050172       0.002476       0.048111      -0.009917       0.074294       0.038391  
    13     16     -0.060301       0.028436       0.094596       0.064598      -0.069929       0.026536       0.065106       0.004917       0.026534       0.060363  
    13     17     -0.049942       0.029925       0.085128       0.060302      -0.079195       0.041719       0.072302       0.015510      -0.018313       0.078505  
    13     18     -0.038467       0.026986       0.069757       0.050647      -0.075557       0.045640       0.068066       0.019981      -0.046745       0.083566  
    13     19     -0.026132       0.020287       0.049468       0.036492      -0.059097       0.038212       0.052775       0.017933      -0.051191       0.070523  
    13     20     -0.013214       0.010860       0.025654       0.019094      -0.032388       0.021646       0.028781       0.010488      -0.032588       0.040404  

    14      1     -0.012293      -0.025607      -0.009298      -0.024309      -0.026234       0.024340       0.025978       0.024611       0.045028      -0.016805  
    14      2     -0.024311      -0.049534      -0.017210      -0.046459      -0.047273       0.043860       0.046812       0.044348       0.076717      -0.024507  
    14      3     -0.035786      -0.070238      -0.022485      -0.064481      -0.058948       0.054693       0.058373       0.055302       0.086312      -0.017239  
    14      4     -0.046462      -0.086436      -0.024132      -0.076774      -0.058948       0.054693       0.058373       0.055302       0.072634       0.005518  
    14      5     -0.056099      -0.097206      -0.021519      -0.082245      -0.047273       0.043861       0.046811       0.044349       0.042442       0.038691  
    14      6     -0.064484      -0.102058      -0.014438      -0.080409      -0.026235       0.024343       0.025978       0.024613       0.008039       0.073308  
    14      7     -0.071429      -0.100967      -0.003137      -0.071428       0.000000       0.000003      -0.000001       0.000001      -0.017045       0.099566  
    14      8     -0.076778      -0.094368       0.011696      -0.056100       0.026235      -0.024337      -0.025979      -0.024611      -0.022788       0.110182  
    14      9     -0.080411      -0.083104       0.028988      -0.035787       0.047274      -0.043856      -0.046813      -0.044349      -0.006189       0.102887  
    14     10     -0.082249      -0.068354       0.047366      -0.012294       0.058949      -0.054689      -0.058374      -0.055303       0.027665       0.081181  
    14     11     -0.082249      -0.051517       0.065282       0.012292       0.058949      -0.054689      -0.058374      -0.055304       0.067355       0.053094  
    14     12     -0.080412      -0.034089       0.081144       0.035785       0.047273      -0.043858      -0.046812      -0.044351       0.099087       0.028388  
    14     13     -0.076778      -0.017530       0.093459       0.056099       0.026235      -0.024340      -0.025979      -0.024614       0.111489       0.015160  
    14     14     -0.071430      -0.003135       0.100966       0.071429       0.000000      -0.000001      -0.000000      -0.000002       0.099569       0.017045  
    14     15     -0.064485       0.008077       0.102756       0.080412      -0.026234       0.024338       0.025979       0.024610       0.066463       0.031966  
    14     16     -0.056101       0.015446       0.098353       0.082250      -0.047273       0.043856       0.046812       0.044348       0.022374       0.052895  
    14     17     -0.046463       0.018722       0.087766       0.076779      -0.058948       0.054688       0.058374       0.055302      -0.018952       0.070333  
    14     18     -0.035787       0.018083       0.071497       0.064486      -0.058949       0.054688       0.058374       0.055303      -0.044964       0.075662  
    14     19     -0.024312       0.014103       0.050506       0.046463      -0.047273       0.043857       0.046812       0.044350      -0.048628       0.064196  
    14     20     -0.012293       0.007691       0.026134       0.024312      -0.026235       0.024339       0.025979       0.024612      -0.030825       0.036873  

    15      1     -0.011098      -0.025114      -0.006517      -0.027367      -0.019495       0.026489       0.037622       0.018865       0.037796      -0.019203  
    15      2     -0.021947      -0.048668      -0.011825      -0.052302      -0.034393       0.048525       0.068708       0.033028       0.063614      -0.030098  
    15      3     -0.032307      -0.069224      -0.014835      -0.072590      -0.041023       0.062519       0.087933       0.038804       0.069613      -0.027300  
    15      4     -0.041945      -0.085582      -0.014692      -0.086429      -0.037385       0.066441       0.092169       0.034333       0.054787      -0.010256  
    15      5     -0.050646      -0.096871      -0.010861      -0.092588      -0.023561       0.060202       0.081038       0.020013       0.025294       0.016531  
    15      6     -0.058215      -0.102614      -0.003188      -0.090521      -0.001711       0.045661       0.056952      -0.001537      -0.007710       0.045033  
    15      7     -0.064485      -0.102757       0.008075      -0.080410       0.024340       0.026238       0.024612      -0.025977      -0.031966       0.066461  
    15      8     -0.069313      -0.097668       0.022283      -0.063154       0.049846       0.006229      -0.009915      -0.048110      -0.038391       0.074291  
    15      9     -0.072594      -0.088090       0.038448      -0.040287       0.070078      -0.010059      -0.040368      -0.062942      -0.024248       0.066513  
    15     10     -0.074253      -0.075072       0.055320      -0.013839       0.081244      -0.019163      -0.061478      -0.066729       0.005889       0.046314  
    15     11     -0.074253      -0.059872       0.071494       0.013838       0.081244      -0.019164      -0.069950      -0.057787       0.041720       0.020958  
    15     12     -0.072594      -0.043840       0.085534       0.040286       0.070077      -0.010061      -0.065029      -0.036912       0.070793      -0.000744  
    15     13     -0.069314      -0.028300       0.096096       0.063155       0.049846       0.006225      -0.048576      -0.007305       0.082832      -0.011493  
    15     14     -0.064485      -0.014435       0.102057       0.080412       0.024339       0.026233      -0.024612       0.025977       0.073311      -0.008038  
    15     15     -0.058216      -0.003185       0.102612       0.090524      -0.001711       0.045655       0.001539       0.056951       0.045034       0.007709  
    15     16     -0.050647       0.004829       0.097357       0.092592      -0.023561       0.060197       0.024358       0.079839       0.007176       0.029354  
    15     17     -0.041946       0.009353       0.086328       0.086434      -0.037386       0.066436       0.039259       0.090181      -0.027896       0.048257  
    15     18     -0.032308       0.010511       0.070011       0.072595      -0.041024       0.062515       0.043495       0.085711      -0.048902       0.056569  
    15     19     -0.021948       0.008782       0.049308       0.052306      -0.034393       0.048522       0.036689       0.066825      -0.049545       0.049981  
    15     20     -0.011098       0.004946       0.025470       0.027369      -0.019495       0.026487       0.020869       0.036549      -0.030682       0.029257  

    16      1     -0.009655      -0.023390      -0.004221      -0.027992      -0.013056       0.027253       0.045009       0.012407       0.028564      -0.022806  
    16      2     -0.019094      -0.045389      -0.007422      -0.053497      -0.022201       0.050537       0.082751       0.020618       0.046803      -0.038249  
    16      3     -0.028106      -0.064711      -0.008688      -0.074249      -0.024325       0.066640       0.107254       0.021419       0.047991      -0.041509  
    16      4     -0.036491      -0.080281      -0.007306      -0.088404      -0.017770       0.073705       0.114886       0.013363       0.031344      -0.031979  
    16      5     -0.044060      -0.091310      -0.002837      -0.094704      -0.002682       0.071577       0.104970      -0.002834       0.002301      -0.013459  
    16      6     -0.050646      -0.097358       0.004827      -0.092589       0.018990       0.061796       0.079840      -0.024357      -0.029355       0.007177  
    16      7     -0.056100      -0.098354       0.015443      -0.082247       0.043858       0.047276       0.044350      -0.046811      -0.052895       0.022372  
    16      8     -0.060301      -0.094597       0.028434      -0.064597       0.067747       0.031699       0.004919      -0.065105      -0.060362       0.026530  
    16      9     -0.063155      -0.086720       0.042926      -0.041207       0.086502       0.018773      -0.031683      -0.074520      -0.049333       0.017960  
    16     10     -0.064598      -0.075625       0.057820      -0.014155       0.096799       0.011481      -0.059582      -0.071736      -0.023760      -0.000524  
    16     11     -0.064598      -0.062402       0.071892       0.014155       0.096799       0.011480      -0.074848      -0.055624       0.007412      -0.022584  
    16     12     -0.063155      -0.048224       0.083889       0.041208       0.086501       0.018771      -0.076122      -0.027615       0.033350      -0.040552  
    16     13     -0.060301      -0.034249       0.092650       0.064599       0.067747       0.031696      -0.064745       0.008424       0.045099      -0.048101  
    16     14     -0.056101      -0.021516       0.097205       0.082250       0.043858       0.047271      -0.044349       0.046811       0.038693      -0.042441  
    16     15     -0.050647      -0.010858       0.096870       0.092592       0.018990       0.061791      -0.020013       0.081038       0.016531      -0.025295  
    16     16     -0.044061      -0.002834       0.091310       0.094708      -0.002682       0.071572       0.002835       0.104970      -0.013461      -0.002304  
    16     17     -0.036492       0.002310       0.080579       0.088409      -0.017770       0.073701       0.019545       0.113998      -0.040589       0.018924  
    16     18     -0.028107       0.004656       0.065125       0.074253      -0.024325       0.066636       0.027177       0.105942      -0.055114       0.031454  
    16     19     -0.019094       0.004591       0.045762       0.053500      -0.022201       0.050534       0.025054       0.081518      -0.051643       0.031417  
    16     20     -0.009655       0.002761       0.023607       0.027994      -0.013057       0.027251       0.014819       0.044273      -0.031011       0.019352  

    17      1     -0.007996      -0.020458      -0.002475      -0.026130      -0.007652       0.025978       0.046747       0.006588       0.019091      -0.025339  
    17      2     -0.015813      -0.039739      -0.004129      -0.049939      -0.012135       0.048593       0.086291       0.009701       0.029733      -0.044435  
    17      3     -0.023278      -0.056755      -0.004225      -0.069311      -0.010944       0.065109       0.112672       0.006746       0.026455      -0.053157  
    17      4     -0.030222      -0.070593      -0.002193      -0.082524      -0.002770       0.073920       0.122189      -0.003299       0.008704      -0.050866  
    17      5     -0.036491      -0.080579       0.002308      -0.088405       0.012204       0.074828       0.113998      -0.019543      -0.018928      -0.040584  
    17      6     -0.041945      -0.086328       0.009351      -0.086430       0.032308       0.069052       0.090182      -0.039257      -0.048259      -0.027894  
    17      7     -0.046462      -0.087766       0.018720      -0.076776       0.054690       0.058951       0.055304      -0.058372      -0.070333      -0.018953  
    17      8     -0.049941      -0.085128       0.029923      -0.060300       0.075850       0.047533       0.015512      -0.072300      -0.078502      -0.018317  
    17      9     -0.052305      -0.078925       0.042227      -0.038465       0.092317       0.037834      -0.022609      -0.076915      -0.070718      -0.027321  
    17     10     -0.053500      -0.069899       0.054715      -0.013213       0.101318       0.032304      -0.053226      -0.069490      -0.050220      -0.043594  
    17     11     -0.053500      -0.058947       0.066369       0.013214       0.101318       0.032304      -0.072261      -0.049398      -0.024403      -0.061864  
    17     12     -0.052305      -0.047042       0.076153       0.038467       0.092317       0.037832      -0.078024      -0.018426      -0.002239      -0.075781  
    17     13     -0.049942      -0.035147       0.083107       0.060302       0.075850       0.047529      -0.071358       0.019391       0.008839      -0.080127  
    17     14     -0.046463      -0.024129       0.086436       0.076779       0.054690       0.058947      -0.055303       0.058373       0.005519      -0.072633  
    17     15     -0.041946      -0.014689       0.085581       0.086434       0.032308       0.069047      -0.034334       0.092169      -0.010257      -0.054788  
    17     16     -0.036492      -0.007303       0.080280       0.088409       0.012203       0.074824      -0.013363       0.114887      -0.031984      -0.031347  
    17     17     -0.030223      -0.002191       0.070593       0.082528      -0.002770       0.073916       0.003300       0.122190      -0.050873      -0.008708  
    17     18     -0.023278       0.000695       0.056908       0.069314      -0.010944       0.065106       0.012817       0.112144      -0.058938       0.007271  
    17     19     -0.015814       0.001655       0.039918       0.049942      -0.012136       0.048591       0.014344       0.085642      -0.051801       0.013262  
    17     20     -0.007996       0.001201       0.020572       0.026132      -0.007653       0.025976       0.009101       0.046324      -0.030250       0.009577  

    18      1     -0.006159      -0.016428      -0.001276      -0.021947      -0.003732       0.022340       0.042276       0.002352       0.011005      -0.024743  
    18      2     -0.012180      -0.031934      -0.001933      -0.041943      -0.005070       0.042038       0.078235       0.002068       0.015586      -0.044560  
    18      3     -0.017929      -0.045667      -0.001419      -0.058213      -0.002134       0.056935       0.102626      -0.002771       0.009609      -0.056156  
    18      4     -0.023278      -0.056908       0.000693      -0.069311       0.006040       0.065746       0.112144      -0.012817      -0.007276      -0.058930  
    18      5     -0.028106      -0.065125       0.004655      -0.074250       0.019269       0.068273       0.105942      -0.027176      -0.031458      -0.055108  
    18      6     -0.032307      -0.070011       0.010509      -0.072592       0.036229       0.065413       0.085711      -0.043493      -0.056571      -0.048898  
    18      7     -0.035786      -0.071497       0.018082      -0.064484       0.054690       0.058950       0.055304      -0.058372      -0.075662      -0.044964  
    18      8     -0.038466      -0.069757       0.026985      -0.050645       0.071929       0.051170       0.019983      -0.068064      -0.083563      -0.046748  
    18      9     -0.040287      -0.065178       0.036648      -0.032307       0.085251       0.044389      -0.014553      -0.069282      -0.078659      -0.055228  
    18     10     -0.041207      -0.058326       0.046361      -0.011097       0.092507       0.040478      -0.043180      -0.059972      -0.063424      -0.068543  
    18     11     -0.041207      -0.049890       0.055337       0.011099       0.092507       0.040477      -0.062215      -0.039880      -0.043539      -0.082615  
    18     12     -0.040287      -0.040621       0.062778       0.032308       0.085251       0.044387      -0.069967      -0.010793      -0.025916      -0.092554  
    18     13     -0.038466      -0.031261       0.067948       0.050647       0.071929       0.051167      -0.066887       0.023627      -0.016290      -0.094356  
    18     14     -0.035787      -0.022483       0.070237       0.064486       0.054690       0.058947      -0.055303       0.058374      -0.017239      -0.086311  
    18     15     -0.032308      -0.014832       0.069224       0.072595       0.036229       0.065410      -0.038805       0.087934      -0.027302      -0.069614  
    18     16     -0.028107      -0.008686       0.064711       0.074253       0.019269       0.068269      -0.021420       0.107255      -0.041514      -0.047995  
    18     17     -0.023278      -0.004223       0.056755       0.069314       0.006040       0.065743      -0.006747       0.112673      -0.053164      -0.026460  
    18     18     -0.017930      -0.001417       0.045667       0.058216      -0.002134       0.056933       0.002771       0.102627      -0.056163      -0.009614  
    18     19     -0.012180      -0.000052       0.031992       0.041946      -0.005070       0.042036       0.006288       0.078009      -0.047214      -0.000121  
    18     20     -0.006159       0.000254       0.016475       0.021948      -0.003732       0.022339       0.004630       0.042088      -0.026998       0.002150  

    19      1     -0.004184      -0.011493      -0.000554      -0.015813      -0.001381       0.016420       0.031993       0.000077       0.005274      -0.019921  
    19      2     -0.008274      -0.022353      -0.000694      -0.030221      -0.001162       0.031017       0.059298      -0.001601       0.006233      -0.036426  
    19      3     -0.012180      -0.031992      -0.000053      -0.041944       0.001910       0.042299       0.078009      -0.006287       0.000117      -0.047208  
    19      4     -0.015813      -0.039918       0.001654      -0.049940       0.008465       0.049365       0.085641      -0.014343      -0.013266      -0.051795  
    19      5     -0.019094      -0.045762       0.004590      -0.053498       0.018356       0.052056       0.081518      -0.025053      -0.031420      -0.051638  
    19      6     -0.021948      -0.049308       0.008781      -0.052304       0.030665       0.050962       0.066825      -0.036687      -0.049982      -0.049541  
    19      7     -0.024311      -0.050506       0.014102      -0.046461       0.043858       0.047274       0.044351      -0.046810      -0.064195      -0.048627  
    19      8     -0.026132      -0.049468       0.020287      -0.036491       0.056070       0.042529       0.017935      -0.052774      -0.070521      -0.051192  
    19      9     -0.027368      -0.046456       0.026944      -0.023278       0.065462       0.038291      -0.008229      -0.052300      -0.067841      -0.057873  
    19     10     -0.027993      -0.041851       0.033589      -0.007996       0.070564       0.035819      -0.030336      -0.044028      -0.057820      -0.067384  
    19     11     -0.027994      -0.036120       0.039686       0.007997       0.070564       0.035819      -0.045602      -0.027916      -0.044312      -0.076944  
    19     12     -0.027369      -0.029773       0.044694       0.023279       0.065462       0.038290      -0.052668      -0.005395      -0.032010      -0.083231  
    19     13     -0.026132      -0.023316       0.048114       0.036492       0.056071       0.042528      -0.051730       0.020757      -0.024821      -0.083536  
    19     14     -0.024311      -0.017208       0.049534       0.046463       0.043858       0.047272      -0.044349       0.046812      -0.024507      -0.076716  
    19     15     -0.021948      -0.011823       0.048668       0.052306       0.030665       0.050960      -0.033029       0.068709      -0.030100      -0.063616  
    19     16     -0.019094      -0.007420       0.045389       0.053501       0.018356       0.052054      -0.020618       0.082751      -0.038253      -0.046806  
    19     17     -0.015814      -0.004127       0.039739       0.049942       0.008464       0.049363      -0.009701       0.086291      -0.044440      -0.029737  
    19     18     -0.012180      -0.001932       0.031934       0.041945       0.001909       0.042297      -0.002069       0.078235      -0.044566      -0.015590  
    19     19     -0.008275      -0.000694       0.022353       0.030222      -0.001163       0.031016       0.001601       0.059299      -0.036430      -0.006236  
    19     20     -0.004184      -0.000160       0.011505       0.015814      -0.001381       0.016419       0.001803       0.031943      -0.020544      -0.001651  

    20      1     -0.002116      -0.005914      -0.000184      -0.008274      -0.000326       0.008704       0.017219      -0.000465       0.001907      -0.011146  
    20      2     -0.004184      -0.011505      -0.000161      -0.015813       0.000148       0.016477       0.031943      -0.001803       0.001649      -0.020541  
    20      3     -0.006159      -0.016475       0.000254      -0.021947       0.002049       0.022556       0.042088      -0.004630      -0.002152      -0.026995  
    20      4     -0.007996      -0.020572       0.001200      -0.026131       0.005687       0.026477       0.046323      -0.009101      -0.009579      -0.030246  
    20      5     -0.009655      -0.023607       0.002761      -0.027993       0.010980       0.028153       0.044273      -0.014818      -0.019354      -0.031008  
    20      6     -0.011098      -0.025470       0.004946      -0.027368       0.017458       0.027873       0.036549      -0.020868      -0.029258      -0.030680  
    20      7     -0.012293      -0.026134       0.007691      -0.024311       0.024339       0.026235       0.024613      -0.025978      -0.036873      -0.030824  
    20      8     -0.013213      -0.025654       0.010860      -0.019094       0.030677       0.024011       0.010489      -0.028780      -0.040402      -0.032588  
    20      9     -0.013839      -0.024161       0.014254      -0.012180       0.035535       0.021986      -0.003601      -0.028109      -0.039272      -0.036284  
    20     10     -0.014155      -0.021848       0.017629      -0.004184       0.038171       0.020796      -0.015631      -0.023293      -0.034318      -0.041253  
    20     11     -0.014155      -0.018950       0.020712       0.004184       0.038171       0.020796      -0.024103      -0.014352      -0.027488      -0.046087  
    20     12     -0.013839      -0.015726       0.023230       0.012181       0.035535       0.021985      -0.028263      -0.002079      -0.021154      -0.049106  
    20     13     -0.013214      -0.012430       0.024931       0.019094       0.030677       0.024010      -0.028172       0.012027      -0.017294      -0.048943  
    20     14     -0.012293      -0.009297       0.025606       0.024312       0.024339       0.026234      -0.024612       0.025979      -0.016805      -0.045027  
    20     15     -0.011098      -0.006516       0.025114       0.027369       0.017458       0.027872      -0.018865       0.037623      -0.019204      -0.037797  
    20     16     -0.009655      -0.004220       0.023390       0.027994       0.010980       0.028152      -0.012408       0.045009      -0.022809      -0.028565  
    20     17     -0.007996      -0.002474       0.020458       0.026132       0.005687       0.026477      -0.006588       0.046747      -0.025342      -0.019093  
    20     18     -0.006159      -0.001276       0.016428       0.021948       0.002049       0.022556      -0.002352       0.042276      -0.024746      -0.011008  
    20     19     -0.004184      -0.000554       0.011493       0.015814       0.000148       0.016477      -0.000077       0.031993      -0.019923      -0.005276  
    20     20     -0.002116      -0.000184       0.005914       0.008275      -0.000326       0.008704       0.000465       0.017219      -0.011147      -0.001908  

