[1;31m=========================== ZAD 1 ===========================[0m
[1;32mNodes for n = 2[0m
1.21132   1.78868   

[1;32mNodes for n = 3[0m
1.1127   1.5   1.8873   

[1;32mNodes for n = 4[0m
1.06943   1.33001   1.66999   1.93057   

[1;32mNodes for n = 5[0m
1.04691   1.23077   1.5   1.76923   1.95309   

[1;32mNodes for n = 6[0m
1.03377   1.1694   1.38069   1.61931   1.8306   1.96623   

[1;32mNodes for n = 7[0m
1.02545   1.12923   1.29708   1.5   1.70292   1.87077   1.97455   

[1;32mNodes for n = 8[0m
1.01986   1.10167   1.23723   1.40828   1.59172   1.76277   1.89833   1.98014   

[1;32mNodes for n = 9[0m
1.01592   1.08198   1.19331   1.33787   1.5   1.66213   1.80669   1.91802   1.98408   

[1;32mNodes for n = 10[0m
1.01305   1.06747   1.1603   1.2833   1.42556   1.57444   1.7167   1.8397   1.93253   1.98695   

[1;32mNodes for n = 11[0m
1.01089   1.05647   1.13492   1.24045   1.36523   1.5   1.63477   1.75955   1.86508   1.94353   1.98911   

[1;32mNodes for n = 12[0m
1.00922   1.04794   1.11505   1.20634   1.31608   1.43738   1.56262   1.68392   1.79366   1.88495   1.95206   1.99078   

[1;32mNodes for n = 13[0m
1.00791   1.0412   1.09921   1.17883   1.27575   1.38477   1.5   1.61523   1.72425   1.82117   1.90079   1.9588   1.99209   

[1;32mNodes for n = 14[0m
1.00686   1.03578   1.0864   1.15635   1.24238   1.34044   1.44597   1.55403   1.65956   1.75762   1.84365   1.9136   1.96422   1.99314   

[1;32mNodes for n = 15[0m
1.006   1.03136   1.0759   1.13779   1.21451   1.30292   1.3994   1.5   1.6006   1.69708   1.78549   1.86221   1.9241   1.96864   1.994   

[1;32mNodes for n = 16[0m
1.0053   1.02771   1.06718   1.1223   1.19106   1.27099   1.3592   1.45249   1.54751   1.6408   1.72901   1.80894   1.8777   1.93282   1.97229   1.9947   

[1;32mNodes for n = 17[0m
1.00471   1.02466   1.05988   1.10924   1.17116   1.24365   1.32438   1.41076   1.5   1.58924   1.67562   1.75635   1.82884   1.89076   1.94012   1.97534   1.99529   

[1;32mNodes for n = 18[0m
1.00422   1.02209   1.0537   1.09815   1.15416   1.22011   1.29412   1.37406   1.45761   1.54239   1.62594   1.70588   1.77989   1.84584   1.90185   1.9463   1.97791   1.99578   

[1;32mNodes for n = 19[0m
1.0038   1.0199   1.04842   1.08864   1.13952   1.19973   1.26771   1.34172   1.41982   1.5   1.58018   1.65828   1.73229   1.80027   1.86048   1.91136   1.95158   1.9801   1.9962   

[1;32mNodes for n = 20[0m
1.00344   1.01801   1.04388   1.08044   1.12683   1.18197   1.24457   1.31315   1.38611   1.46174   1.53826   1.61389   1.68685   1.75543   1.81803   1.87317   1.91956   1.95612   1.98199   1.99656   

[1;32mNodes for n = 21[0m
1.00312   1.01639   1.03995   1.07332   1.11578   1.16643   1.22419   1.28783   1.35599   1.42722   1.5   1.57278   1.64401   1.71217   1.77581   1.83357   1.88422   1.92668   1.96005   1.98361   1.99688   

[1;32mNodes for n = 22[0m
1.00285   1.01497   1.03652   1.06709   1.10609   1.15276   1.20618   1.26532   1.32903   1.39607   1.46513   1.53487   1.60393   1.67097   1.73468   1.79382   1.84724   1.89391   1.93291   1.96348   1.98503   1.99715   

[1;32mNodes for n = 23[0m
1.00262   1.01373   1.03351   1.06162   1.09756   1.14067   1.1902   1.24525   1.30485   1.36793   1.43337   1.5   1.56663   1.63207   1.69515   1.75475   1.8098   1.85933   1.90244   1.93838   1.96649   1.98627   1.99738   

[1;32mNodes for n = 24[0m
1.00241   1.01264   1.03086   1.05679   1.09   1.12994   1.17595   1.22729   1.2831   1.34248   1.40444   1.46797   1.53203   1.59556   1.65752   1.7169   1.77271   1.82405   1.87006   1.91   1.94321   1.96914   1.98736   1.99759   

[1;32mNodes for n = 25[0m
1.00222   1.01167   1.02851   1.0525   1.08328   1.12037   1.16322   1.21117   1.2635   1.31941   1.37807   1.43857   1.5   1.56143   1.62193   1.68059   1.7365   1.78883   1.83678   1.87963   1.91672   1.9475   1.97149   1.98833   1.99778   

[1;32mNodes for n = 26[0m
1.00206   1.01081   1.02642   1.04868   1.07728   1.11181   1.15179   1.19665   1.24578   1.29847   1.354   1.41157   1.47038   1.52962   1.58843   1.646   1.70153   1.75422   1.80335   1.84821   1.88819   1.92272   1.95132   1.97358   1.98919   1.99794   

[1;32mNodes for n = 27[0m
1.00191   1.01004   1.02455   1.04526   1.0719   1.10411   1.14149   1.18355   1.22972   1.27943   1.332   1.38677   1.44301   1.5   1.55699   1.61323   1.668   1.72057   1.77028   1.81645   1.85851   1.89589   1.9281   1.95474   1.97545   1.98996   1.99809   

[1;32mNodes for n = 28[0m
1.00178   1.00935   1.02287   1.04218   1.06705   1.09718   1.13219   1.17167   1.21514   1.26206   1.31187   1.36397   1.41772   1.47246   1.52754   1.58228   1.63603   1.68813   1.73794   1.78486   1.82833   1.86781   1.90282   1.93295   1.95782   1.97713   1.99065   1.99822   

[1;32mNodes for n = 29[0m
1.00166   1.00873   1.02136   1.03941   1.06268   1.09091   1.12377   1.16089   1.20186   1.2462   1.29342   1.34298   1.39432   1.44686   1.5   1.55314   1.60568   1.65702   1.70658   1.7538   1.79814   1.83911   1.87623   1.90909   1.93732   1.96059   1.97864   1.99127   1.99834   

[1;32mNodes for n = 30[0m
1.00155   1.00817   1.01999   1.0369   1.05872   1.08522   1.11611   1.15107   1.18974   1.23169   1.27648   1.32365   1.37268   1.42307   1.47426   1.52574   1.57693   1.62732   1.67635   1.72352   1.76831   1.81026   1.84893   1.88389   1.91478   1.94128   1.9631   1.98001   1.99183   1.99845   

[1;32mNodes for n = 31[0m
1.00146   1.00766   1.01875   1.03462   1.05512   1.08004   1.10913   1.14211   1.17865   1.21838   1.2609   1.30581   1.35264   1.40094   1.45022   1.5   1.54978   1.59906   1.64736   1.69419   1.7391   1.78162   1.82135   1.85789   1.89087   1.91996   1.94488   1.96538   1.98125   1.99234   1.99854   

[1;32mNodes for n = 32[0m
1.00137   1.00719   1.01762   1.03255   1.05184   1.07532   1.10276   1.13391   1.16848   1.20614   1.24655   1.28932   1.33407   1.38036   1.42776   1.47585   1.52415   1.57224   1.61964   1.66593   1.71068   1.75345   1.79386   1.83152   1.86609   1.89724   1.92468   1.94816   1.96745   1.98238   1.99281   1.99863   

[1;32mNodes for n = 33[0m
1.00129   1.00677   1.01659   1.03065   1.04884   1.071   1.09692   1.12638   1.15913   1.19488   1.23331   1.27408   1.31683   1.3612   1.40678   1.45318   1.5   1.54682   1.59322   1.6388   1.68317   1.72592   1.76669   1.80512   1.84087   1.87362   1.90308   1.929   1.95116   1.96935   1.98341   1.99323   1.99871   

[1;32mNodes for n = 34[0m
1.00121   1.00639   1.01565   1.02892   1.0461   1.06703   1.09156   1.11947   1.15053   1.18449   1.22106   1.25995   1.30082   1.34334   1.38717   1.43192   1.47725   1.52275   1.56808   1.61283   1.65666   1.69918   1.74005   1.77894   1.81551   1.84947   1.88053   1.90844   1.93297   1.9539   1.97108   1.98435   1.99361   1.99879   

[1;32mNodes for n = 35[0m
1.00115   1.00603   1.01478   1.02733   1.04357   1.06339   1.08663   1.11309   1.14259   1.17489   1.20973   1.24684   1.28593   1.3267   1.36882   1.41197   1.45581   1.5   1.54419   1.58803   1.63118   1.6733   1.71407   1.75316   1.79027   1.82511   1.85741   1.88691   1.91337   1.93661   1.95643   1.97267   1.98522   1.99397   1.99885   

[1;32mNodes for n = 36[0m
1.00108   1.00571   1.01399   1.02586   1.04125   1.06004   1.08208   1.10721   1.13526   1.166   1.19922   1.23466   1.27207   1.31116   1.35166   1.39325   1.43563   1.47849   1.52151   1.56437   1.60675   1.64834   1.68884   1.72793   1.76534   1.80078   1.834   1.86474   1.89279   1.91792   1.93996   1.95875   1.97414   1.98601   1.99429   1.99892   

[1;32mNodes for n = 37[0m
1.00103   1.00541   1.01325   1.02451   1.03911   1.05694   1.07787   1.10177   1.12846   1.15776   1.18945   1.22333   1.25914   1.29665   1.33558   1.37567   1.41662   1.45816   1.5   1.54184   1.58338   1.62433   1.66442   1.70335   1.74086   1.77667   1.81055   1.84224   1.87154   1.89823   1.92213   1.94306   1.96089   1.97549   1.98675   1.99459   1.99897   

[1;32mNodes for n = 38[0m
1.00098   1.00513   1.01258   1.02327   1.03713   1.05407   1.07398   1.09673   1.12216   1.1501   1.18037   1.21277   1.24708   1.28308   1.32051   1.35915   1.39871   1.43896   1.47961   1.52039   1.56104   1.60129   1.64085   1.67949   1.71692   1.75292   1.78723   1.81963   1.8499   1.87784   1.90327   1.92602   1.94593   1.96287   1.97673   1.98742   1.99487   1.99902   

[1;32mNodes for n = 39[0m
1.00093   1.00487   1.01195   1.02211   1.0353   1.05142   1.07037   1.09205   1.1163   1.14298   1.17191   1.20292   1.23581   1.27037   1.30638   1.34361   1.38184   1.42081   1.46028   1.5   1.53972   1.57919   1.61816   1.65639   1.69362   1.72963   1.76419   1.79708   1.82809   1.85702   1.8837   1.90795   1.92963   1.94858   1.9647   1.97789   1.98805   1.99513   1.99907   

[1;32mNodes for n = 40[0m
1.00088   1.00464   1.01137   1.02104   1.03359   1.04895   1.06702   1.08769   1.11085   1.13634   1.16402   1.19372   1.22527   1.25846   1.29311   1.329   1.36592   1.40365   1.44196   1.48061   1.51939   1.55804   1.59635   1.63408   1.671   1.70689   1.74154   1.77473   1.80628   1.83598   1.86366   1.88915   1.91231   1.93298   1.95105   1.96641   1.97896   1.98863   1.99536   1.99912   

[1;32mNodes for n = 41[0m
1.00084   1.00442   1.01083   1.02005   1.03201   1.04666   1.0639   1.08364   1.10576   1.13015   1.15665   1.18512   1.21539   1.24729   1.28064   1.31525   1.35091   1.38743   1.42459   1.46219   1.5   1.53781   1.57541   1.61257   1.64909   1.68475   1.71936   1.75271   1.78461   1.81488   1.84335   1.86985   1.89424   1.91636   1.9361   1.95334   1.96799   1.97995   1.98917   1.99558   1.99916   

[1;32mNodes for n = 42[0m
1.0008   1.00421   1.01033   1.01912   1.03054   1.04452   1.06099   1.07986   1.10102   1.12436   1.14975   1.17706   1.20613   1.2368   1.26891   1.30229   1.33674   1.37209   1.40813   1.44468   1.48153   1.51847   1.55532   1.59187   1.62791   1.66326   1.69771   1.73109   1.7632   1.79387   1.82294   1.85025   1.87564   1.89898   1.92014   1.93901   1.95548   1.96946   1.98088   1.98967   1.99579   1.9992   

[1;32mNodes for n = 43[0m
1.00076   1.00402   1.00986   1.01826   1.02916   1.04253   1.05827   1.07632   1.09658   1.11894   1.14329   1.1695   1.19743   1.22694   1.25787   1.29007   1.32336   1.35757   1.39252   1.42804   1.46392   1.5   1.53608   1.57196   1.60748   1.64243   1.67664   1.70993   1.74213   1.77306   1.80257   1.8305   1.85671   1.88106   1.90342   1.92368   1.94173   1.95747   1.97084   1.98174   1.99014   1.99598   1.99924   

[1;32mNodes for n = 44[0m
1.00073   1.00384   1.00942   1.01745   1.02788   1.04066   1.05573   1.07302   1.09243   1.11387   1.13723   1.16241   1.18926   1.21766   1.24747   1.27854   1.31071   1.34382   1.37772   1.41222   1.44715   1.48236   1.51764   1.55285   1.58778   1.62228   1.65618   1.68929   1.72146   1.75253   1.78234   1.81074   1.83759   1.86277   1.88613   1.90757   1.92698   1.94427   1.95934   1.97212   1.98255   1.99058   1.99616   1.99927   

[1;32mNodes for n = 45[0m
1.0007   1.00367   1.00902   1.0167   1.02668   1.03892   1.05335   1.06992   1.08853   1.10911   1.13155   1.15574   1.18157   1.20892   1.23766   1.26765   1.29875   1.3308   1.36367   1.39718   1.43118   1.46551   1.5   1.53449   1.56882   1.60282   1.63633   1.6692   1.70125   1.73235   1.76234   1.79108   1.81843   1.84426   1.86845   1.89089   1.91147   1.93008   1.94665   1.96108   1.97332   1.9833   1.99098   1.99633   1.9993   

[1;32mNodes for n = 46[0m
1.00067   1.00352   1.00863   1.01599   1.02555   1.03728   1.05112   1.06701   1.08488   1.10464   1.1262   1.14947   1.17433   1.20069   1.2284   1.25736   1.28743   1.31846   1.35033   1.38287   1.41595   1.44942   1.48311   1.51689   1.55058   1.58405   1.61713   1.64967   1.68154   1.71257   1.74264   1.7716   1.79931   1.82567   1.85053   1.8738   1.89536   1.91512   1.93299   1.94888   1.96272   1.97445   1.98401   1.99137   1.99648   1.99933   

[1;32mNodes for n = 47[0m
1.00064   1.00337   1.00827   1.01533   1.0245   1.03575   1.04903   1.06428   1.08144   1.10043   1.12116   1.14356   1.16751   1.19291   1.21966   1.24763   1.27671   1.30676   1.33766   1.36927   1.40145   1.43406   1.46696   1.5   1.53304   1.56594   1.59855   1.63073   1.66234   1.69324   1.72329   1.75237   1.78034   1.80709   1.83249   1.85644   1.87884   1.89957   1.91856   1.93572   1.95097   1.96425   1.9755   1.98467   1.99173   1.99663   1.99936   

[1;32mNodes for n = 48[0m
1.00061   1.00323   1.00794   1.0147   1.02351   1.03431   1.04706   1.06171   1.07821   1.09647   1.11642   1.13798   1.16106   1.18557   1.21139   1.23842   1.26655   1.29566   1.32562   1.35632   1.38762   1.41939   1.4515   1.48381   1.51619   1.5485   1.58061   1.61238   1.64368   1.67438   1.70434   1.73345   1.76158   1.78861   1.81443   1.83894   1.86202   1.88358   1.90353   1.92179   1.93829   1.95294   1.96569   1.97649   1.9853   1.99206   1.99677   1.99939   

[1;32mNodes for n = 49[0m
1.00059   1.00311   1.00762   1.01412   1.02257   1.03295   1.04521   1.0593   1.07516   1.09273   1.11195   1.13272   1.15498   1.17862   1.20356   1.22969   1.25691   1.28511   1.31418   1.34399   1.37443   1.40538   1.43671   1.46829   1.5   1.53171   1.56329   1.59462   1.62557   1.65601   1.68582   1.71489   1.74309   1.77031   1.79644   1.82138   1.84502   1.86728   1.88805   1.90727   1.92484   1.9407   1.95479   1.96705   1.97743   1.98588   1.99238   1.99689   1.99941   

[1;32mNodes for n = 50[0m
1.00057   1.00298   1.00732   1.01357   1.02169   1.03167   1.04346   1.05702   1.07229   1.08921   1.10772   1.12775   1.14922   1.17205   1.19615   1.22142   1.24777   1.2751   1.30329   1.33225   1.36186   1.392   1.42255   1.45341   1.48445   1.51555   1.54659   1.57745   1.608   1.63814   1.66775   1.69671   1.7249   1.75223   1.77858   1.80385   1.82795   1.85078   1.87225   1.89228   1.91079   1.92771   1.94298   1.95654   1.96833   1.97831   1.98643   1.99268   1.99702   1.99943   

[1;31m=========================== ZAD 2a ===========================[0m
[1;32mNodes for n = 2[0m
0.707107   -0.707107   

[1;32mNodes for n = 4[0m
1.65068   0.524648   -0.524648   -1.65068   

[1;32mNodes for n = 6[0m
2.35061   1.33585   0.436077   -0.436077   -1.33585   -2.35061   

[1;32mNodes for n = 8[0m
2.93064   1.98166   1.15719   0.381187   -0.381187   -1.15719   -1.98166   -2.93064   

[1;32mNodes for n = 10[0m
3.43616   2.53273   1.75668   1.03661   0.342901   -0.342901   -1.03661   -1.75668   -2.53273   -3.43616   

[1;32mNodes for n = 12[0m
3.88972   3.02064   2.27951   1.59768   0.947788   0.31424   -0.31424   -0.947788   -1.59768   -2.27951   -3.02064   -3.88972   

[1;32mNodes for n = 14[0m
4.30445   3.46266   2.74847   2.09518   1.47668   0.878714   0.291746   -0.291746   -0.878714   -1.47668   -2.09518   -2.74847   -3.46266   -4.30445   

[1;32mNodes for n = 16[0m
4.68874   3.86945   3.177   2.5462   1.95179   1.38026   0.822951   0.273481   -0.273481   -0.822951   -1.38026   -1.95179   -2.5462   -3.177   -3.86945   -4.68874   

[1;32mNodes for n = 18[0m
5.04836   4.24812   3.57377   2.96138   2.3863   1.83553   1.30092   0.776683   0.258268   -0.258268   -0.776683   -1.30092   -1.83553   -2.3863   -2.96138   -3.57377   -4.24812   -5.04836   

[1;32mNodes for n = 20[0m
5.38748   4.60368   3.94476   3.34785   2.78881   2.25497   1.73854   1.23408   0.737474   0.245341   -0.245341   -0.737474   -1.23408   -1.73854   -2.25497   -2.78881   -3.34785   -3.94476   -4.60368   -5.38748   

[1;32mNodes for n = 22[0m
5.7092   4.93983   4.29431   3.7107   3.16527   2.64564   2.14423   1.65587   1.17671   0.703686   0.234179   -0.234179   -0.703686   -1.17671   -1.65587   -2.14423   -2.64564   -3.16527   -3.7107   -4.29431   -4.93983   -5.7092   

[1;32mNodes for n = 24[0m
6.01593   5.25938   4.62566   4.05366   3.52001   3.01255   2.52388   2.049   1.58425   1.12676   0.674171   0.224415   -0.224415   -0.674171   -1.12676   -1.58425   -2.049   -2.52388   -3.01255   -3.52001   -4.05366   -4.62566   -5.25938   -6.01593   

[1;32mNodes for n = 26[0m
6.30955   5.56453   4.94133   4.3796   3.85629   3.35943   2.88176   2.41842   1.96585   1.52136   1.08273   0.648095   0.215778   -0.215778   -0.648095   -1.08273   -1.52136   -1.96585   -2.41842   -2.88176   -3.35943   -3.85629   -4.3796   -4.94133   -5.56453   -6.30955   

[1;32mNodes for n = 28[0m
6.59161   5.85701   5.24329   4.69076   4.17664   3.68913   3.22111   2.7678   2.32575   1.89236   1.46554   1.04354   0.624837   0.208067   -0.208067   -0.624837   -1.04354   -1.46554   -1.89236   -2.32575   -2.7678   -3.22111   -3.68913   -4.17664   -4.69076   -5.24329   -5.85701   -6.59161   

[1;32mNodes for n = 30[0m
6.86335   6.13828   5.53315   4.98892   4.48306   4.00391   3.54444   3.09997   2.66713   2.24339   1.82674   1.41553   1.00834   0.603921   0.201129   -0.201129   -0.603921   -1.00834   -1.41553   -1.82674   -2.24339   -2.66713   -3.09997   -3.54444   -4.00391   -4.48306   -4.98892   -5.53315   -6.13828   -6.86335   

[1;32mNodes for n = 32[0m
7.12581   6.4095   5.81223   5.27555   4.77716   4.30555   3.85376   3.41717   2.99249   2.57725   2.1695   1.76765   1.37038   0.9765   0.584979   0.194841   -0.194841   -0.584979   -0.9765   -1.37038   -1.76765   -2.1695   -2.57725   -2.99249   -3.41717   -3.85376   -4.30555   -4.77716   -5.27555   -5.81223   -6.4095   -7.12581   

[1;32mNodes for n = 34[0m
7.37989   6.67166   6.08162   5.55186   5.0603   4.59552   4.15067   3.72118   3.30381   2.89614   2.49627   2.10267   1.71406   1.32934   0.947516   0.567717   0.189108   -0.189108   -0.567717   -0.947516   -1.32934   -1.71406   -2.10267   -2.49627   -2.89614   -3.30381   -3.72118   -4.15067   -4.59552   -5.0603   -5.55186   -6.08162   -6.67166   -7.37989   

[1;32mNodes for n = 36[0m
7.62633   6.9256   6.34224   5.81886   5.33356   4.87504   4.43651   4.01346   3.60269   3.20183   2.80902   2.42277   2.04183   1.66515   1.29181   0.920982   0.551901   0.183853   -0.183853   -0.551901   -0.920982   -1.29181   -1.66515   -2.04183   -2.42277   -2.80902   -3.20183   -3.60269   -4.01346   -4.43651   -4.87504   -5.33356   -5.81886   -6.34224   -6.9256   -7.62633   

[1;32mNodes for n = 38[0m
7.86576   7.17203   6.59489   6.07742   5.59789   5.14513   4.71239   4.29523   3.89047   3.49579   3.10935   2.72969   2.35561   1.9861   1.62026   1.25732   0.896568   0.53734   0.179014   -0.179014   -0.53734   -0.896568   -1.25732   -1.62026   -1.9861   -2.35561   -2.72969   -3.10935   -3.49579   -3.89047   -4.29523   -4.71239   -5.14513   -5.59789   -6.07742   -6.59489   -7.17203   -7.86576   

[1;32mNodes for n = 40[0m
8.09876   7.41158   6.84024   6.32826   5.85409   5.40665   4.97926   4.5675   4.16826   3.77921   3.39856   3.02488   2.657   2.29392   1.93479   1.57887   1.22548   0.874007   0.523875   0.174537   -0.174537   -0.523875   -0.874007   -1.22548   -1.57887   -1.93479   -2.29392   -2.657   -3.02488   -3.39856   -3.77921   -4.16826   -4.5675   -4.97926   -5.40665   -5.85409   -6.32826   -6.84024   -7.41158   -8.09876   

[1;32mNodes for n = 42[0m
8.32581   7.64478   7.07887   6.57202   6.10285   5.66036   5.23792   4.83115   4.43698   4.05311   3.67776   3.30954   2.94729   2.59003   2.23696   1.88734   1.54053   1.19596   0.853073   0.511375   0.170381   -0.170381   -0.511375   -0.853073   -1.19596   -1.54053   -1.88734   -2.23696   -2.59003   -2.94729   -3.30954   -3.67776   -4.05311   -4.43698   -4.83115   -5.23792   -5.66036   -6.10285   -6.57202   -7.07887   -7.64478   -8.32581   

[1;32mNodes for n = 44[0m
8.54734   7.87211   7.3113   6.80926   6.34476   5.90688   5.48905   5.08692   4.69745   4.31835   3.94789   3.58468   3.22758   2.87564   2.52806   2.18415   1.84328   1.50489   1.16849   0.83358   0.49973   0.166507   -0.166507   -0.49973   -0.83358   -1.16849   -1.50489   -1.84328   -2.18415   -2.52806   -2.87564   -3.22758   -3.58468   -3.94789   -4.31835   -4.69745   -5.08692   -5.48905   -5.90688   -6.34476   -6.80926   -7.3113   -7.87211   -8.54734   

[1;32mNodes for n = 46[0m
8.76373   8.09398   7.53797   7.04046   6.58035   6.14679   5.73326   5.33546   4.95035   4.57569   4.20975   3.85115   3.49879   3.15173   2.80919   2.47048   2.135   1.80222   1.47164   1.14283   0.815369   0.488847   0.162887   -0.162887   -0.488847   -0.815369   -1.14283   -1.47164   -1.80222   -2.135   -2.47048   -2.80919   -3.15173   -3.49879   -3.85115   -4.20975   -4.57569   -4.95035   -5.33546   -5.73326   -6.14679   -6.58035   -7.04046   -7.53797   -8.09398   -8.76373   

[1;32mNodes for n = 48[0m
8.97532   8.31075   7.7593   7.26605   6.81006   6.38056   5.97107   5.57732   5.19629   4.82576   4.46401   4.1097   3.76173   3.41917   3.08125   2.74731   2.41676   2.08909   1.76382   1.44053   1.11881   0.798305   0.478646   0.159493   -0.159493   -0.478646   -0.798305   -1.11881   -1.44053   -1.76382   -2.08909   -2.41676   -2.74731   -3.08125   -3.41917   -3.76173   -4.1097   -4.46401   -4.82576   -5.19629   -5.57732   -5.97107   -6.38056   -6.81006   -7.26605   -7.7593   -8.31075   -8.97532   

[1;32mNodes for n = 50[0m
9.18241   8.52277   7.97562   7.48641   7.03432   6.60865   6.20295   5.81299   5.43579   5.06912   4.71129   4.36097   4.01707   3.67868   3.34504   3.0155   2.68948   2.36649   2.04607   1.72781   1.41132   1.09625   0.782272   0.469059   0.156303   -0.156303   -0.469059   -0.782272   -1.09625   -1.41132   -1.72781   -2.04607   -2.36649   -2.68948   -3.0155   -3.34504   -3.67868   -4.01707   -4.36097   -4.71129   -5.06912   -5.43579   -5.81299   -6.20295   -6.60865   -7.03432   -7.48641   -7.97562   -8.52277   -9.18241   

[1;31m=========================== ZAD 2b ===========================[0m
[1;32mNodes for n = 2[0m
1.05662   3.94338   

[1;32mNodes for n = 3[0m
0.563508   2.5   4.43649   

[1;32mNodes for n = 4[0m
0.347159   1.65005   3.34995   4.65284   

[1;32mNodes for n = 5[0m
0.23455   1.15383   2.5   3.84617   4.76545   

[1;32mNodes for n = 6[0m
0.168826   0.846977   1.90345   3.09655   4.15302   4.83117   

[1;32mNodes for n = 7[0m
0.12723   0.646172   1.48539   2.5   3.51461   4.35383   4.87277   

[1;32mNodes for n = 8[0m
0.0992754   0.508334   1.18617   2.04141   2.95859   3.81383   4.49167   4.90072   

[1;32mNodes for n = 9[0m
0.0795994   0.409922   0.966571   1.68937   2.5   3.31063   4.03343   4.59008   4.9204   

[1;32mNodes for n = 10[0m
0.0652337   0.337342   0.801476   1.41651   2.12781   2.87219   3.58349   4.19852   4.66266   4.93477   

[1;32mNodes for n = 11[0m
0.0544284   0.282344   0.67462   1.20226   1.82614   2.5   3.17386   3.79774   4.32538   4.71766   4.94557   

[1;32mNodes for n = 12[0m
0.0460984   0.239707   0.575243   1.03171   1.58042   2.18692   2.81308   3.41958   3.96829   4.42476   4.76029   4.9539   

[1;32mNodes for n = 13[0m
0.0395424   0.206004   0.496055   0.894127   1.37877   1.92385   2.5   3.07615   3.62123   4.10587   4.50395   4.794   4.96046   

[1;32mNodes for n = 14[0m
0.0342905   0.178913   0.431997   0.781768   1.21188   1.70222   2.22986   2.77014   3.29778   3.78812   4.21823   4.568   4.82109   4.96571   

[1;32mNodes for n = 15[0m
0.0300187   0.156817   0.379484   0.688956   1.07257   1.51462   1.99701   2.5   3.00299   3.48538   3.92743   4.31104   4.62052   4.84318   4.96998   

[1;32mNodes for n = 16[0m
0.0264977   0.138562   0.335922   0.611489   0.955309   1.35496   1.79599   2.26247   2.73753   3.20401   3.64504   4.04469   4.38851   4.66408   4.86144   4.9735   

[1;32mNodes for n = 17[0m
0.0235613   0.123311   0.299402   0.546215   0.855822   1.21827   1.62192   2.05379   2.5   2.94621   3.37808   3.78173   4.14418   4.45378   4.7006   4.87669   4.97644   

[1;32mNodes for n = 18[0m
0.0210871   0.11044   0.268494   0.490738   0.770782   1.10057   1.47062   1.87028   2.28806   2.71194   3.12972   3.52938   3.89943   4.22922   4.50926   4.73151   4.88956   4.97891   

[1;32mNodes for n = 19[0m
0.0189829   0.0994796   0.24211   0.443213   0.697585   0.998637   1.33857   1.70859   2.0991   2.5   2.9009   3.29141   3.66143   4.00136   4.30242   4.55679   4.75789   4.90052   4.98102   

[1;32mNodes for n = 20[0m
0.0171785   0.0900702   0.219414   0.402208   0.63417   0.909866   1.22283   1.56573   1.93054   2.30868   2.69132   3.06946   3.43427   3.77717   4.09013   4.36583   4.59779   4.78059   4.90993   4.98282   

[1;32mNodes for n = 21[0m
0.0156196   0.0819329   0.199752   0.366592   0.5789   0.832153   1.12095   1.43914   1.77995   2.1361   2.5   2.8639   3.22005   3.56086   3.87905   4.16785   4.4211   4.63341   4.80025   4.91807   4.98438   

[1;32mNodes for n = 22[0m
0.0142635   0.0748488   0.182608   0.335469   0.530458   0.763782   1.0309   1.32661   1.64516   1.98035   2.32565   2.67435   3.01965   3.35484   3.67339   3.9691   4.23622   4.46954   4.66453   4.81739   4.92515   4.98574   

[1;32mNodes for n = 23[0m
0.0130767   0.0686438   0.167572   0.308119   0.487779   0.703347   0.950975   1.22625   1.52425   1.83966   2.16686   2.5   2.83314   3.16034   3.47575   3.77375   4.04902   4.29665   4.51222   4.69188   4.83243   4.93136   4.98692   

[1;32mNodes for n = 24[0m
0.012032   0.0631786   0.154314   0.283961   0.449995   0.649689   0.879766   1.13645   1.41552   1.71239   2.0222   2.33986   2.66014   2.9778   3.28761   3.58448   3.86355   4.12023   4.35031   4.55   4.71604   4.84569   4.93682   4.98797   

[1;32mNodes for n = 25[0m
0.0111076   0.0583402   0.142564   0.26252   0.416393   0.601852   0.816084   1.05584   1.31749   1.59707   1.89033   2.19284   2.5   2.80716   3.10967   3.40293   3.68251   3.94416   4.18392   4.39815   4.58361   4.73748   4.85744   4.94166   4.98889   

[1;32mNodes for n = 26[0m
0.0102857   0.0540364   0.132102   0.243405   0.386385   0.559035   0.758932   0.983269   1.2289   1.49237   1.76999   2.05785   2.35192   2.64808   2.94215   3.23001   3.50763   3.7711   4.01673   4.24107   4.44096   4.61362   4.75659   4.8679   4.94596   4.98971   

[1;32mNodes for n = 27[0m
0.00955184   0.0501913   0.122749   0.226294   0.35948   0.520571   0.707466   0.91773   1.14862   1.39713   1.66002   1.93385   2.21507   2.5   2.78493   3.06615   3.33998   3.60287   3.85138   4.08227   4.29253   4.47943   4.64052   4.77371   4.87725   4.94981   4.99045   

[1;32mNodes for n = 28[0m
0.00889376   0.0467421   0.114352   0.210917   0.335269   0.485897   0.660973   0.858372   1.0757   1.31031   1.55937   1.81985   2.08858   2.3623   2.6377   2.91142   3.18015   3.44063   3.68969   3.9243   4.14163   4.33903   4.5141   4.66473   4.78908   4.88565   4.95326   4.99111   

[1;32mNodes for n = 29[0m
0.00830139   0.0436362   0.106786   0.197049   0.313405   0.454536   0.618843   0.804464   1.0093   1.23102   1.46712   1.71492   1.97162   2.2343   2.5   2.7657   3.02838   3.28508   3.53288   3.76898   3.9907   4.19554   4.38116   4.54546   4.68659   4.80295   4.89321   4.95636   4.9917   

[1;32mNodes for n = 30[0m
0.00776629   0.0408297   0.0999453   0.1845   0.293599   0.426086   0.580556   0.755374   0.948685   1.15844   1.38242   1.61824   1.86341   2.11533   2.37132   2.62868   2.88467   3.13659   3.38176   3.61758   3.84156   4.05132   4.24463   4.41944   4.57391   4.7064   4.8155   4.90005   4.95917   4.99223   

[1;32mNodes for n = 31[0m
0.0072813   0.0382852   0.0937402   0.173108   0.2756   0.400199   0.545667   0.710558   0.893233   1.09188   1.30452   1.52904   1.7632   2.0047   2.25111   2.5   2.74889   2.9953   3.2368   3.47096   3.69548   3.90812   4.10677   4.28944   4.45433   4.5998   4.7244   4.82689   4.90626   4.96171   4.99272   

[1;32mNodes for n = 32[0m
0.00684035   0.0359712   0.0880944   0.162735   0.259197   0.376581   0.51379   0.669545   0.842389   1.03071   1.23275   1.44662   1.67033   1.90178   2.13882   2.37923   2.62077   2.86118   3.09822   3.32967   3.55338   3.76725   3.96929   4.15761   4.33046   4.48621   4.62342   4.7408   4.83727   4.91191   4.96403   4.99316   

[1;32mNodes for n = 33[0m
0.00643826   0.0338607   0.0829427   0.153264   0.244208   0.354976   0.484594   0.631924   0.79567   0.974394   1.16653   1.37037   1.58415   1.80598   2.0339   2.26592   2.5   2.73408   2.9661   3.19402   3.41585   3.62963   3.83347   4.02561   4.20433   4.36808   4.51541   4.64502   4.75579   4.84674   4.91706   4.96614   4.99356   

[1;32mNodes for n = 34[0m
0.00607062   0.0319305   0.0782293   0.144594   0.230476   0.335163   0.457789   0.597338   0.752652   0.922446   1.10531   1.29973   1.5041   1.71672   1.93583   2.15962   2.38623   2.61377   2.84038   3.06417   3.28328   3.4959   3.70027   3.89469   4.07755   4.24735   4.40266   4.54221   4.66484   4.76952   4.85541   4.92177   4.96807   4.99393   

[1;32mNodes for n = 35[0m
0.00573358   0.0301606   0.073906   0.136637   0.217864   0.316952   0.433125   0.565474   0.712964   0.874439   1.04864   1.23419   1.42966   1.6335   1.84412   2.05987   2.27907   2.5   2.72093   2.94013   3.15588   3.3665   3.57034   3.76581   3.95136   4.12556   4.28704   4.43453   4.56687   4.68305   4.78214   4.86336   4.92609   4.96984   4.99427   

[1;32mNodes for n = 36[0m
0.00542384   0.0285338   0.0699308   0.129318   0.206256   0.300175   0.410382   0.536059   0.676277   0.829997   0.996081   1.1733   1.36034   1.55582   1.75829   1.96625   2.17816   2.39245   2.60755   2.82184   3.03375   3.24171   3.44418   3.63966   3.8267   4.00392   4.17   4.32372   4.46394   4.58962   4.69982   4.79374   4.87068   4.93007   4.97147   4.99458   

[1;32mNodes for n = 37[0m
0.00513854   0.0270351   0.0662674   0.122569   0.195546   0.284688   0.389368   0.508852   0.642303   0.788784   0.947268   1.11664   1.29572   1.48325   1.67791   1.87833   2.08312   2.29082   2.5   2.70918   2.91688   3.12167   3.32209   3.51675   3.70428   3.88336   4.05273   4.21122   4.3577   4.49115   4.61063   4.71531   4.80445   4.87743   4.93373   4.97296   4.99486   

[1;32mNodes for n = 38[0m
0.00487517   0.0256514   0.0628842   0.116334   0.185647   0.270361   0.369912   0.48364   0.610785   0.750503   0.901864   1.06386   1.23541   1.41538   1.60257   1.79573   1.99357   2.19479   2.39804   2.60196   2.80521   3.00643   3.20427   3.39743   3.58462   3.76459   3.93614   4.09814   4.2495   4.38921   4.51636   4.63009   4.72964   4.81435   4.88367   4.93712   4.97435   4.99512   

[1;32mNodes for n = 39[0m
0.00463154   0.0243712   0.0597532   0.110562   0.176477   0.257082   0.351868   0.460234   0.581497   0.714889   0.859567   1.01462   1.17906   1.35185   1.5319   1.71807   1.90919   2.10404   2.30139   2.5   2.69861   2.89596   3.09081   3.28193   3.4681   3.64815   3.82094   3.98538   4.14043   4.28511   4.4185   4.53977   4.64813   4.74292   4.82352   4.88944   4.94025   4.97563   4.99537   

[1;32mNodes for n = 40[0m
0.00440573   0.0231844   0.0568501   0.105208   0.167968   0.244753   0.335101   0.438469   0.554236   0.681704   0.820108   0.968615   1.12633   1.29231   1.46555   1.64501   1.82962   2.01826   2.20979   2.40307   2.59693   2.79021   2.98174   3.17038   3.35499   3.53445   3.70769   3.87367   4.03138   4.17989   4.3183   4.44576   4.56153   4.6649   4.75525   4.83203   4.89479   4.94315   4.97682   4.99559   

[1;32mNodes for n = 41[0m
0.00419603   0.0220822   0.0541533   0.100233   0.160058   0.233285   0.319496   0.418197   0.528822   0.650738   0.783246   0.925588   1.07695   1.23646   1.40321   1.57624   1.75456   1.93715   2.12297   2.31094   2.5   2.68906   2.87703   3.06285   3.24544   3.42376   3.59679   3.76354   3.92305   4.07441   4.21675   4.34926   4.47118   4.5818   4.6805   4.76672   4.83994   4.89977   4.94585   4.97792   4.9958   

[1;32mNodes for n = 42[0m
0.00400095   0.0210568   0.0516437   0.0956016   0.152691   0.222601   0.304949   0.399285   0.505095   0.6218   0.748764   0.885292   1.03064   1.18401   1.34457   1.51144   1.68371   1.86044   2.04066   2.22339   2.40763   2.59237   2.77661   2.95934   3.13956   3.31629   3.48856   3.65543   3.81599   3.96936   4.11471   4.25124   4.3782   4.4949   4.60072   4.69505   4.7774   4.84731   4.9044   4.94836   4.97894   4.996   

[1;32mNodes for n = 43[0m
0.00381917   0.0201011   0.0493044   0.0912835   0.14582   0.21263   0.291366   0.381616   0.48291   0.594721   0.716464   0.847507   0.987164   1.13471   1.28937   1.45035   1.61679   1.78785   1.96261   2.14018   2.31962   2.5   2.68038   2.85982   3.03739   3.21216   3.38321   3.54965   3.71063   3.86529   4.01284   4.15249   4.28354   4.40528   4.51709   4.61838   4.70863   4.78737   4.85418   4.90872   4.9507   4.9799   4.99618   

[1;32mNodes for n = 44[0m
0.0036495   0.019209   0.0471204   0.0872509   0.139401   0.203312   0.278664   0.365084   0.462139   0.569346   0.686172   0.812035   0.946307   1.08832   1.23736   1.3927   1.55355   1.71912   1.88858   2.06108   2.23577   2.41178   2.58822   2.76423   2.93892   3.11142   3.28088   3.44645   3.6073   3.76264   3.91168   4.05369   4.18797   4.31383   4.43065   4.53786   4.63492   4.72134   4.79669   4.8606   4.91275   4.95288   4.98079   4.99635   

[1;32mNodes for n = 45[0m
0.00349089   0.018375   0.0450782   0.0834792   0.133396   0.19459   0.266771   0.349594   0.442664   0.545539   0.657728   0.778696   0.907867   1.04462   1.18832   1.33826   1.49374   1.65402   1.81833   1.98588   2.15589   2.32753   2.5   2.67247   2.84411   3.01412   3.18167   3.34598   3.50626   3.66174   3.81168   3.95538   4.09213   4.2213   4.34227   4.45446   4.55734   4.65041   4.73323   4.80541   4.8666   4.91652   4.95492   4.98163   4.99651   

[1;32mNodes for n = 46[0m
0.00334239   0.0175941   0.0431658   0.0799465   0.127769   0.186416   0.255618   0.335062   0.424383   0.523175   0.630987   0.747326   0.871663   1.00343   1.14202   1.28682   1.43714   1.59232   1.75164   1.91437   2.07977   2.24709   2.41557   2.58443   2.75291   2.92023   3.08563   3.24836   3.40768   3.56286   3.71318   3.85798   3.99657   4.12834   4.25267   4.36901   4.47683   4.57562   4.66494   4.74438   4.81358   4.87223   4.92005   4.95683   4.98241   4.99666   

[1;32mNodes for n = 47[0m
0.00320318   0.016862   0.0413725   0.076633   0.12249   0.178743   0.245147   0.32141   0.4072   0.502141   0.605818   0.717778   0.837531   0.964553   1.09829   1.23816   1.38354   1.53381   1.6883   1.84634   2.00723   2.17029   2.33478   2.5   2.66522   2.82971   2.99277   3.15366   3.3117   3.46619   3.61646   3.76184   3.90171   4.03545   4.16247   4.28222   4.39418   4.49786   4.5928   4.67859   4.75485   4.82126   4.87751   4.92337   4.95863   4.98314   4.9968   

[1;32mNodes for n = 48[0m
0.00307248   0.0161746   0.0396885   0.073521   0.117531   0.171533   0.235302   0.30857   0.391029   0.482334   0.582102   0.689915   0.805319   0.927832   1.05694   1.1921   1.33274   1.47828   1.62811   1.78159   1.93809   2.09694   2.25749   2.41905   2.58095   2.74251   2.90306   3.06191   3.21841   3.37189   3.52172   3.66726   3.8079   3.94306   4.07217   4.19468   4.31009   4.4179   4.51767   4.60897   4.69143   4.7647   4.82847   4.88247   4.92648   4.96031   4.98383   4.99693   

[1;32mNodes for n = 49[0m
0.00294962   0.0155283   0.0381053   0.0705945   0.112866   0.164749   0.226036   0.296479   0.375795   0.463664   0.559733   0.663614   0.77489   0.893113   1.01781   1.14847   1.28457   1.42557   1.57089   1.71996   1.87216   2.0269   2.18354   2.34145   2.5   2.65855   2.81646   2.9731   3.12784   3.28004   3.42911   3.57443   3.71543   3.85153   3.98219   4.10689   4.22511   4.33639   4.44027   4.53634   4.62421   4.70352   4.77396   4.83525   4.88713   4.92941   4.96189   4.98447   4.99705   

[1;32mNodes for n = 50[0m
0.00283399   0.0149201   0.0366148   0.067839   0.108473   0.158358   0.217304   0.28508   0.361426   0.446045   0.53861   0.638764   0.746119   0.860259   0.980743   1.1071   1.23885   1.37548   1.51646   1.66125   1.80928   1.95998   2.11277   2.26706   2.42225   2.57775   2.73294   2.88723   3.04002   3.19072   3.33875   3.48354   3.62452   3.76115   3.8929   4.01926   4.13974   4.25388   4.36124   4.46139   4.55396   4.63857   4.71492   4.7827   4.84164   4.89153   4.93216   4.96339   4.98508   4.99717   

[1;31m=========================== ZAD 3 ===========================[0m
[1;32mNodes for n = 2[0m
0.585786   3.41421   

[1;32mNodes for n = 3[0m
0.415775   2.29428   6.28995   

[1;32mNodes for n = 4[0m
0.322548   1.74576   4.53662   9.39507   

[1;32mNodes for n = 5[0m
0.26356   1.4134   3.59643   7.08581   12.6408   

[1;32mNodes for n = 6[0m
0.222847   1.18893   2.99274   5.77514   9.83747   15.9829   

[1;32mNodes for n = 7[0m
0.193044   1.02666   2.56788   4.90035   8.18215   12.7342   19.3957   

[1;32mNodes for n = 8[0m
0.17028   0.903702   2.25109   4.2667   7.04591   10.7585   15.7407   22.8631   

[1;32mNodes for n = 9[0m
0.152322   0.80722   2.00514   3.78347   6.20496   9.37298   13.4662   18.8336   26.3741   

[1;32mNodes for n = 10[0m
0.137793   0.729455   1.80834   3.40143   5.5525   8.33015   11.8438   16.2793   21.9966   29.9207   

[1;32mNodes for n = 11[0m
0.125796   0.665418   1.64715   3.09114   5.02928   7.50989   10.606   14.4316   19.1789   25.2177   33.4972   

[1;32mNodes for n = 12[0m
0.115722   0.611757   1.51261   2.83375   4.59923   6.84453   9.62132   13.0061   17.1169   22.1511   28.488   37.0991   

[1;32mNodes for n = 13[0m
0.107142   0.566132   1.39856   2.6166   4.23885   6.29226   8.815   11.8614   15.5108   19.8846   25.1853   31.8004   40.723   

[1;32mNodes for n = 14[0m
0.0997475   0.526858   1.30063   2.4308   3.9321   5.82554   8.14024   10.9165   14.2108   18.1049   22.7234   28.273   35.1494   44.3661   

[1;32mNodes for n = 15[0m
0.0933078   0.492692   1.2156   2.26995   3.66762   5.42534   7.56592   10.1202   13.1303   16.6544   20.7765   25.6239   31.4075   38.5307   48.0261   

[1;32mNodes for n = 16[0m
0.0876494   0.462696   1.14106   2.12928   3.43709   5.07802   7.07034   9.43831   12.2142   15.4415   19.1802   23.5159   28.5787   34.5834   41.9405   51.7012   

[1;32mNodes for n = 17[0m
0.0826382   0.43615   1.07518   2.00519   3.23426   4.77351   6.63783   8.84669   11.4255   14.4078   17.8383   21.7783   26.3153   31.5818   37.7961   45.3757   55.3898   

[1;32mNodes for n = 18[0m
0.0781692   0.41249   1.01652   1.89489   3.05435   4.50421   6.25673   8.32783   10.738   13.5137   16.6893   20.3108   24.4407   29.1682   34.6279   41.0418   48.8339   59.0905   

[1;32mNodes for n = 19[0m
0.0741588   0.391269   0.963957   1.79618   2.89365   4.26422   5.91814   7.86862   10.1324   12.7309   15.6913   19.049   22.8508   27.1607   32.0691   37.7129   44.3174   52.3129   62.8024   

[1;32mNodes for n = 20[0m
0.0705399   0.372127   0.916582   1.70731   2.7492   4.04893   5.61517   7.45902   9.59439   12.0388   14.8143   17.9489   21.4788   25.4517   29.9326   35.0134   40.8331   47.62   55.8108   66.5244   

