          -5	    0.038462
       -4.99	    0.037495
       -4.98	    0.036529
       -4.97	    0.035563
       -4.96	    0.034598
       -4.95	    0.033633
       -4.94	    0.032668
       -4.93	    0.031705
       -4.92	    0.030742
       -4.91	    0.029781
        -4.9	     0.02882
       -4.89	    0.027861
       -4.88	    0.026904
       -4.87	    0.025948
       -4.86	    0.024993
       -4.85	    0.024041
       -4.84	     0.02309
       -4.83	    0.022142
       -4.82	    0.021195
       -4.81	    0.020252
        -4.8	     0.01931
       -4.79	    0.018371
       -4.78	    0.017435
       -4.77	    0.016502
       -4.76	    0.015572
       -4.75	    0.014645
       -4.74	    0.013721
       -4.73	    0.012801
       -4.72	    0.011884
       -4.71	    0.010971
        -4.7	    0.010062
       -4.69	   0.0091566
       -4.68	   0.0082553
       -4.67	   0.0073582
       -4.66	   0.0064654
       -4.65	    0.005577
       -4.64	   0.0046932
       -4.63	   0.0038142
       -4.62	     0.00294
       -4.61	   0.0020708
        -4.6	   0.0012066
       -4.59	  0.00034775
       -4.58	 -0.00050576
       -4.57	  -0.0013538
       -4.56	  -0.0021961
       -4.55	  -0.0030328
       -4.54	  -0.0038635
       -4.53	  -0.0046882
       -4.52	  -0.0055067
       -4.51	   -0.006319
        -4.5	  -0.0071248
       -4.49	  -0.0079241
       -4.48	  -0.0087167
       -4.47	  -0.0095025
       -4.46	   -0.010281
       -4.45	   -0.011053
       -4.44	   -0.011818
       -4.43	   -0.012575
       -4.42	   -0.013325
       -4.41	   -0.014067
        -4.4	   -0.014801
       -4.39	   -0.015528
       -4.38	   -0.016247
       -4.37	   -0.016957
       -4.36	   -0.017659
       -4.35	   -0.018353
       -4.34	   -0.019039
       -4.33	   -0.019715
       -4.32	   -0.020383
       -4.31	   -0.021042
        -4.3	   -0.021692
       -4.29	   -0.022333
       -4.28	   -0.022965
       -4.27	   -0.023587
       -4.26	   -0.024199
       -4.25	   -0.024802
       -4.24	   -0.025395
       -4.23	   -0.025978
       -4.22	   -0.026551
       -4.21	   -0.027114
        -4.2	   -0.027666
       -4.19	   -0.028208
       -4.18	    -0.02874
       -4.17	    -0.02926
       -4.16	    -0.02977
       -4.15	   -0.030269
       -4.14	   -0.030756
       -4.13	   -0.031233
       -4.12	   -0.031697
       -4.11	   -0.032151
        -4.1	   -0.032593
       -4.09	   -0.033023
       -4.08	   -0.033441
       -4.07	   -0.033847
       -4.06	    -0.03424
       -4.05	   -0.034622
       -4.04	   -0.034991
       -4.03	   -0.035348
       -4.02	   -0.035691
       -4.01	   -0.036022
          -4	    -0.03634
       -3.99	   -0.036645
       -3.98	   -0.036937
       -3.97	   -0.037215
       -3.96	    -0.03748
       -3.95	   -0.037731
       -3.94	   -0.037969
       -3.93	   -0.038192
       -3.92	   -0.038402
       -3.91	   -0.038597
        -3.9	   -0.038778
       -3.89	   -0.038945
       -3.88	   -0.039097
       -3.87	   -0.039235
       -3.86	   -0.039357
       -3.85	   -0.039465
       -3.84	   -0.039558
       -3.83	   -0.039635
       -3.82	   -0.039698
       -3.81	   -0.039744
        -3.8	   -0.039775
       -3.79	   -0.039791
       -3.78	    -0.03979
       -3.77	   -0.039774
       -3.76	   -0.039742
       -3.75	   -0.039693
       -3.74	   -0.039628
       -3.73	   -0.039546
       -3.72	   -0.039448
       -3.71	   -0.039333
        -3.7	   -0.039201
       -3.69	   -0.039052
       -3.68	   -0.038886
       -3.67	   -0.038703
       -3.66	   -0.038502
       -3.65	   -0.038284
       -3.64	   -0.038048
       -3.63	   -0.037794
       -3.62	   -0.037522
       -3.61	   -0.037233
        -3.6	   -0.036925
       -3.59	   -0.036598
       -3.58	   -0.036253
       -3.57	    -0.03589
       -3.56	   -0.035508
       -3.55	   -0.035107
       -3.54	   -0.034687
       -3.53	   -0.034248
       -3.52	   -0.033789
       -3.51	   -0.033312
        -3.5	   -0.032814
       -3.49	   -0.032297
       -3.48	   -0.031761
       -3.47	   -0.031204
       -3.46	   -0.030628
       -3.45	   -0.030031
       -3.44	   -0.029414
       -3.43	   -0.028776
       -3.42	   -0.028118
       -3.41	   -0.027439
        -3.4	    -0.02674
       -3.39	   -0.026019
       -3.38	   -0.025278
       -3.37	   -0.024515
       -3.36	   -0.023731
       -3.35	   -0.022925
       -3.34	   -0.022098
       -3.33	   -0.021249
       -3.32	   -0.020378
       -3.31	   -0.019485
        -3.3	    -0.01857
       -3.29	   -0.017633
       -3.28	   -0.016673
       -3.27	   -0.015691
       -3.26	   -0.014686
       -3.25	   -0.013658
       -3.24	   -0.012608
       -3.23	   -0.011534
       -3.22	   -0.010437
       -3.21	  -0.0093172
        -3.2	  -0.0081736
       -3.19	  -0.0070065
       -3.18	  -0.0058157
       -3.17	   -0.004601
       -3.16	  -0.0033624
       -3.15	  -0.0020997
       -3.14	 -0.00081275
       -3.13	  0.00049856
       -3.12	   0.0018343
       -3.11	   0.0031948
        -3.1	   0.0045799
       -3.09	     0.00599
       -3.08	    0.007425
       -3.07	   0.0088852
       -3.06	    0.010371
       -3.05	    0.011882
       -3.04	    0.013418
       -3.03	     0.01498
       -3.02	    0.016568
       -3.01	    0.018182
          -3	    0.019822
       -2.99	    0.021488
       -2.98	     0.02318
       -2.97	    0.024899
       -2.96	    0.026644
       -2.95	    0.028417
       -2.94	    0.030216
       -2.93	    0.032042
       -2.92	    0.033895
       -2.91	    0.035775
        -2.9	    0.037683
       -2.89	    0.039618
       -2.88	    0.041581
       -2.87	    0.043571
       -2.86	     0.04559
       -2.85	    0.047636
       -2.84	    0.049711
       -2.83	    0.051814
       -2.82	    0.053945
       -2.81	    0.056105
        -2.8	    0.058294
       -2.79	    0.060511
       -2.78	    0.062758
       -2.77	    0.065033
       -2.76	    0.067338
       -2.75	    0.069672
       -2.74	    0.072035
       -2.73	    0.074428
       -2.72	    0.076851
       -2.71	    0.079303
        -2.7	    0.081786
       -2.69	    0.084299
       -2.68	    0.086842
       -2.67	    0.089415
       -2.66	    0.092019
       -2.65	    0.094653
       -2.64	    0.097319
       -2.63	     0.10001
       -2.62	     0.10274
       -2.61	      0.1055
        -2.6	     0.10829
       -2.59	     0.11111
       -2.58	     0.11396
       -2.57	     0.11685
       -2.56	     0.11976
       -2.55	     0.12271
       -2.54	     0.12569
       -2.53	     0.12871
       -2.52	     0.13175
       -2.51	     0.13483
        -2.5	     0.13794
       -2.49	     0.14108
       -2.48	     0.14426
       -2.47	     0.14746
       -2.46	      0.1507
       -2.45	     0.15397
       -2.44	     0.15727
       -2.43	      0.1606
       -2.42	     0.16396
       -2.41	     0.16736
        -2.4	     0.17078
       -2.39	     0.17423
       -2.38	     0.17771
       -2.37	     0.18121
       -2.36	     0.18475
       -2.35	     0.18831
       -2.34	      0.1919
       -2.33	     0.19552
       -2.32	     0.19916
       -2.31	     0.20283
        -2.3	     0.20653
       -2.29	     0.21025
       -2.28	       0.214
       -2.27	     0.21777
       -2.26	     0.22156
       -2.25	     0.22538
       -2.24	     0.22923
       -2.23	     0.23309
       -2.22	     0.23698
       -2.21	     0.24089
        -2.2	     0.24483
       -2.19	     0.24879
       -2.18	     0.25276
       -2.17	     0.25676
       -2.16	     0.26078
       -2.15	     0.26482
       -2.14	     0.26888
       -2.13	     0.27296
       -2.12	     0.27706
       -2.11	     0.28118
        -2.1	     0.28532
       -2.09	     0.28947
       -2.08	     0.29365
       -2.07	     0.29784
       -2.06	     0.30205
       -2.05	     0.30627
       -2.04	     0.31051
       -2.03	     0.31477
       -2.02	     0.31904
       -2.01	     0.32333
          -2	     0.32763
       -1.99	     0.33195
       -1.98	     0.33628
       -1.97	     0.34063
       -1.96	     0.34499
       -1.95	     0.34936
       -1.94	     0.35375
       -1.93	     0.35815
       -1.92	     0.36256
       -1.91	     0.36698
        -1.9	     0.37141
       -1.89	     0.37586
       -1.88	     0.38031
       -1.87	     0.38478
       -1.86	     0.38925
       -1.85	     0.39374
       -1.84	     0.39823
       -1.83	     0.40274
       -1.82	     0.40725
       -1.81	     0.41177
        -1.8	     0.41629
       -1.79	     0.42083
       -1.78	     0.42537
       -1.77	     0.42992
       -1.76	     0.43447
       -1.75	     0.43903
       -1.74	      0.4436
       -1.73	     0.44817
       -1.72	     0.45275
       -1.71	     0.45733
        -1.7	     0.46192
       -1.69	      0.4665
       -1.68	      0.4711
       -1.67	     0.47569
       -1.66	     0.48029
       -1.65	     0.48489
       -1.64	     0.48949
       -1.63	      0.4941
       -1.62	      0.4987
       -1.61	     0.50331
        -1.6	     0.50792
       -1.59	     0.51252
       -1.58	     0.51713
       -1.57	     0.52173
       -1.56	     0.52634
       -1.55	     0.53094
       -1.54	     0.53555
       -1.53	     0.54015
       -1.52	     0.54474
       -1.51	     0.54934
        -1.5	     0.55393
       -1.49	     0.55852
       -1.48	      0.5631
       -1.47	     0.56769
       -1.46	     0.57226
       -1.45	     0.57683
       -1.44	      0.5814
       -1.43	     0.58596
       -1.42	     0.59051
       -1.41	     0.59506
        -1.4	      0.5996
       -1.39	     0.60414
       -1.38	     0.60866
       -1.37	     0.61318
       -1.36	     0.61769
       -1.35	     0.62219
       -1.34	     0.62669
       -1.33	     0.63117
       -1.32	     0.63565
       -1.31	     0.64011
        -1.3	     0.64456
       -1.29	     0.64901
       -1.28	     0.65344
       -1.27	     0.65786
       -1.26	     0.66227
       -1.25	     0.66667
       -1.24	     0.67105
       -1.23	     0.67542
       -1.22	     0.67978
       -1.21	     0.68413
        -1.2	     0.68846
       -1.19	     0.69277
       -1.18	     0.69708
       -1.17	     0.70136
       -1.16	     0.70563
       -1.15	     0.70989
       -1.14	     0.71413
       -1.13	     0.71835
       -1.12	     0.72256
       -1.11	     0.72675
        -1.1	     0.73092
       -1.09	     0.73507
       -1.08	     0.73921
       -1.07	     0.74332
       -1.06	     0.74742
       -1.05	      0.7515
       -1.04	     0.75556
       -1.03	      0.7596
       -1.02	     0.76362
       -1.01	     0.76761
    -0.99998	     0.77159
    -0.98998	     0.77554
    -0.97998	     0.77947
    -0.96998	     0.78338
    -0.95998	     0.78727
    -0.94998	     0.79114
    -0.93998	     0.79498
    -0.92998	     0.79879
    -0.91998	     0.80259
    -0.90998	     0.80636
    -0.89998	      0.8101
    -0.88998	     0.81382
    -0.87998	     0.81751
    -0.86998	     0.82118
    -0.85998	     0.82482
    -0.84998	     0.82844
    -0.83998	     0.83202
    -0.82998	     0.83558
    -0.81998	     0.83912
    -0.80998	     0.84262
    -0.79998	      0.8461
    -0.78998	     0.84954
    -0.77998	     0.85296
    -0.76998	     0.85635
    -0.75998	     0.85971
    -0.74998	     0.86304
    -0.73998	     0.86633
    -0.72998	      0.8696
    -0.71998	     0.87284
    -0.70998	     0.87604
    -0.69998	     0.87921
    -0.68998	     0.88235
    -0.67998	     0.88546
    -0.66998	     0.88853
    -0.65998	     0.89157
    -0.64998	     0.89458
    -0.63998	     0.89755
    -0.62998	     0.90049
    -0.61998	     0.90339
    -0.60998	     0.90626
    -0.59998	     0.90909
    -0.58998	     0.91188
    -0.57998	     0.91464
    -0.56998	     0.91736
    -0.55998	     0.92005
    -0.54998	      0.9227
    -0.53998	     0.92531
    -0.52998	     0.92788
    -0.51998	     0.93041
    -0.50998	      0.9329
    -0.49998	     0.93536
    -0.48998	     0.93777
    -0.47998	     0.94015
    -0.46998	     0.94248
    -0.45998	     0.94478
    -0.44998	     0.94703
    -0.43998	     0.94924
    -0.42998	     0.95141
    -0.41998	     0.95354
    -0.40998	     0.95562
    -0.39998	     0.95767
    -0.38998	     0.95966
    -0.37998	     0.96162
    -0.36998	     0.96353
    -0.35998	      0.9654
    -0.34998	     0.96722
    -0.33998	       0.969
    -0.32998	     0.97073
    -0.31998	     0.97241
    -0.30998	     0.97405
    -0.29998	     0.97564
    -0.28998	     0.97719
    -0.27998	     0.97869
    -0.26998	     0.98014
    -0.25998	     0.98154
    -0.24998	      0.9829
    -0.23998	      0.9842
    -0.22998	     0.98546
    -0.21998	     0.98667
    -0.20998	     0.98783
    -0.19998	     0.98893
    -0.18998	     0.98999
    -0.17998	       0.991
    -0.16998	     0.99195
    -0.15998	     0.99286
    -0.14998	     0.99371
    -0.13998	     0.99451
    -0.12998	     0.99525
    -0.11998	     0.99595
    -0.10998	     0.99659
   -0.099981	     0.99717
   -0.089981	     0.99771
   -0.079981	     0.99818
   -0.069981	     0.99861
   -0.059981	     0.99897
   -0.049981	     0.99929
   -0.039981	     0.99954
   -0.029981	     0.99974
   -0.019981	     0.99989
  -0.0099809	     0.99997
  1.9133e-05	           1
    0.010019	     0.99997
    0.020019	     0.99988
    0.030019	     0.99974
    0.040019	     0.99954
    0.050019	     0.99929
    0.060019	     0.99897
    0.070019	     0.99861
    0.080019	     0.99818
    0.090019	      0.9977
     0.10002	     0.99717
     0.11002	     0.99659
     0.12002	     0.99595
     0.13002	     0.99525
     0.14002	      0.9945
     0.15002	     0.99371
     0.16002	     0.99285
     0.17002	     0.99195
     0.18002	     0.99099
     0.19002	     0.98999
     0.20002	     0.98893
     0.21002	     0.98782
     0.22002	     0.98666
     0.23002	     0.98546
     0.24002	      0.9842
     0.25002	     0.98289
     0.26002	     0.98154
     0.27002	     0.98014
     0.28002	     0.97868
     0.29002	     0.97718
     0.30002	     0.97564
     0.31002	     0.97405
     0.32002	     0.97241
     0.33002	     0.97072
     0.34002	     0.96899
     0.35002	     0.96721
     0.36002	     0.96539
     0.37002	     0.96352
     0.38002	     0.96161
     0.39002	     0.95966
     0.40002	     0.95766
     0.41002	     0.95562
     0.42002	     0.95353
     0.43002	      0.9514
     0.44002	     0.94923
     0.45002	     0.94702
     0.46002	     0.94477
     0.47002	     0.94247
     0.48002	     0.94014
     0.49002	     0.93776
     0.50002	     0.93535
     0.51002	     0.93289
     0.52002	      0.9304
     0.53002	     0.92787
     0.54002	      0.9253
     0.55002	     0.92269
     0.56002	     0.92004
     0.57002	     0.91735
     0.58002	     0.91463
     0.59002	     0.91187
     0.60002	     0.90908
     0.61002	     0.90625
     0.62002	     0.90338
     0.63002	     0.90048
     0.64002	     0.89754
     0.65002	     0.89457
     0.66002	     0.89156
     0.67002	     0.88852
     0.68002	     0.88545
     0.69002	     0.88234
     0.70002	      0.8792
     0.71002	     0.87603
     0.72002	     0.87282
     0.73002	     0.86959
     0.74002	     0.86632
     0.75002	     0.86302
     0.76002	      0.8597
     0.77002	     0.85634
     0.78002	     0.85295
     0.79002	     0.84953
     0.80002	     0.84608
     0.81002	     0.84261
     0.82002	      0.8391
     0.83002	     0.83557
     0.84002	     0.83201
     0.85002	     0.82842
     0.86002	     0.82481
     0.87002	     0.82117
     0.88002	      0.8175
     0.89002	     0.81381
     0.90002	     0.81009
     0.91002	     0.80634
     0.92002	     0.80257
     0.93002	     0.79878
     0.94002	     0.79496
     0.95002	     0.79112
     0.96002	     0.78726
     0.97002	     0.78337
     0.98002	     0.77946
     0.99002	     0.77553
           1	     0.77157
        1.01	      0.7676
        1.02	      0.7636
        1.03	     0.75958
        1.04	     0.75554
        1.05	     0.75149
        1.06	     0.74741
        1.07	     0.74331
        1.08	     0.73919
        1.09	     0.73506
         1.1	      0.7309
        1.11	     0.72673
        1.12	     0.72254
        1.13	     0.71834
        1.14	     0.71411
        1.15	     0.70987
        1.16	     0.70562
        1.17	     0.70135
        1.18	     0.69706
        1.19	     0.69276
         1.2	     0.68844
        1.21	     0.68411
        1.22	     0.67977
        1.23	     0.67541
        1.24	     0.67104
        1.25	     0.66665
        1.26	     0.66225
        1.27	     0.65784
        1.28	     0.65342
        1.29	     0.64899
         1.3	     0.64455
        1.31	     0.64009
        1.32	     0.63563
        1.33	     0.63115
        1.34	     0.62667
        1.35	     0.62218
        1.36	     0.61767
        1.37	     0.61316
        1.38	     0.60865
        1.39	     0.60412
         1.4	     0.59958
        1.41	     0.59504
        1.42	      0.5905
        1.43	     0.58594
        1.44	     0.58138
        1.45	     0.57681
        1.46	     0.57224
        1.47	     0.56767
        1.48	     0.56309
        1.49	      0.5585
         1.5	     0.55391
        1.51	     0.54932
        1.52	     0.54473
        1.53	     0.54013
        1.54	     0.53553
        1.55	     0.53093
        1.56	     0.52632
        1.57	     0.52172
        1.58	     0.51711
        1.59	      0.5125
         1.6	      0.5079
        1.61	     0.50329
        1.62	     0.49868
        1.63	     0.49408
        1.64	     0.48948
        1.65	     0.48487
        1.66	     0.48027
        1.67	     0.47567
        1.68	     0.47108
        1.69	     0.46649
         1.7	      0.4619
        1.71	     0.45731
        1.72	     0.45273
        1.73	     0.44816
        1.74	     0.44358
        1.75	     0.43902
        1.76	     0.43446
        1.77	      0.4299
        1.78	     0.42535
        1.79	     0.42081
         1.8	     0.41628
        1.81	     0.41175
        1.82	     0.40723
        1.83	     0.40272
        1.84	     0.39821
        1.85	     0.39372
        1.86	     0.38924
        1.87	     0.38476
        1.88	     0.38029
        1.89	     0.37584
         1.9	      0.3714
        1.91	     0.36696
        1.92	     0.36254
        1.93	     0.35813
        1.94	     0.35373
        1.95	     0.34935
        1.96	     0.34497
        1.97	     0.34061
        1.98	     0.33627
        1.99	     0.33193
           2	     0.32762
        2.01	     0.32331
        2.02	     0.31902
        2.03	     0.31475
        2.04	     0.31049
        2.05	     0.30625
        2.06	     0.30203
        2.07	     0.29782
        2.08	     0.29363
        2.09	     0.28946
         2.1	      0.2853
        2.11	     0.28117
        2.12	     0.27705
        2.13	     0.27295
        2.14	     0.26887
        2.15	     0.26481
        2.16	     0.26077
        2.17	     0.25675
        2.18	     0.25275
        2.19	     0.24877
         2.2	     0.24481
        2.21	     0.24088
        2.22	     0.23697
        2.23	     0.23308
        2.24	     0.22921
        2.25	     0.22537
        2.26	     0.22155
        2.27	     0.21775
        2.28	     0.21398
        2.29	     0.21023
         2.3	     0.20651
        2.31	     0.20282
        2.32	     0.19915
        2.33	      0.1955
        2.34	     0.19189
        2.35	      0.1883
        2.36	     0.18473
        2.37	      0.1812
        2.38	     0.17769
        2.39	     0.17421
         2.4	     0.17076
        2.41	     0.16734
        2.42	     0.16395
        2.43	     0.16059
        2.44	     0.15726
        2.45	     0.15396
        2.46	     0.15069
        2.47	     0.14745
        2.48	     0.14424
        2.49	     0.14107
         2.5	     0.13793
        2.51	     0.13482
        2.52	     0.13174
        2.53	     0.12869
        2.54	     0.12568
        2.55	      0.1227
        2.56	     0.11975
        2.57	     0.11684
        2.58	     0.11395
        2.59	      0.1111
         2.6	     0.10828
        2.61	     0.10549
        2.62	     0.10273
        2.63	         0.1
        2.64	    0.097309
        2.65	    0.094643
        2.66	    0.092009
        2.67	    0.089405
        2.68	    0.086832
        2.69	    0.084289
         2.7	    0.081776
        2.71	    0.079294
        2.72	    0.076841
        2.73	    0.074419
        2.74	    0.072026
        2.75	    0.069663
        2.76	    0.067329
        2.77	    0.065024
        2.78	    0.062749
        2.79	    0.060503
         2.8	    0.058285
        2.81	    0.056097
        2.82	    0.053937
        2.83	    0.051806
        2.84	    0.049703
        2.85	    0.047628
        2.86	    0.045582
        2.87	    0.043564
        2.88	    0.041573
        2.89	     0.03961
         2.9	    0.037675
        2.91	    0.035768
        2.92	    0.033888
        2.93	    0.032035
        2.94	    0.030209
        2.95	     0.02841
        2.96	    0.026638
        2.97	    0.024892
        2.98	    0.023174
        2.99	    0.021481
           3	    0.019815
        3.01	    0.018176
        3.02	    0.016562
        3.03	    0.014974
        3.04	    0.013412
        3.05	    0.011876
        3.06	    0.010365
        3.07	   0.0088796
        3.08	   0.0074195
        3.09	   0.0059845
         3.1	   0.0045746
        3.11	   0.0031895
        3.12	   0.0018292
        3.13	  0.00049351
        3.14	  -0.0008177
        3.15	  -0.0021046
        3.16	  -0.0033672
        3.17	  -0.0046057
        3.18	  -0.0058203
        3.19	   -0.007011
         3.2	   -0.008178
        3.21	  -0.0093215
        3.22	   -0.010441
        3.23	   -0.011538
        3.24	   -0.012612
        3.25	   -0.013662
        3.26	    -0.01469
        3.27	   -0.015694
        3.28	   -0.016677
        3.29	   -0.017636
         3.3	   -0.018573
        3.31	   -0.019488
        3.32	   -0.020381
        3.33	   -0.021252
        3.34	   -0.022101
        3.35	   -0.022928
        3.36	   -0.023734
        3.37	   -0.024518
        3.38	    -0.02528
        3.39	   -0.026022
         3.4	   -0.026742
        3.41	   -0.027442
        3.42	   -0.028121
        3.43	   -0.028779
        3.44	   -0.029416
        3.45	   -0.030033
        3.46	    -0.03063
        3.47	   -0.031206
        3.48	   -0.031763
        3.49	   -0.032299
         3.5	   -0.032816
        3.51	   -0.033313
        3.52	   -0.033791
        3.53	   -0.034249
        3.54	   -0.034688
        3.55	   -0.035108
        3.56	   -0.035509
        3.57	   -0.035891
        3.58	   -0.036255
        3.59	   -0.036599
         3.6	   -0.036926
        3.61	   -0.037234
        3.62	   -0.037523
        3.63	   -0.037795
        3.64	   -0.038049
        3.65	   -0.038285
        3.66	   -0.038503
        3.67	   -0.038704
        3.68	   -0.038887
        3.69	   -0.039053
         3.7	   -0.039202
        3.71	   -0.039334
        3.72	   -0.039448
        3.73	   -0.039547
        3.74	   -0.039628
        3.75	   -0.039693
        3.76	   -0.039742
        3.77	   -0.039774
        3.78	    -0.03979
        3.79	   -0.039791
         3.8	   -0.039775
        3.81	   -0.039744
        3.82	   -0.039697
        3.83	   -0.039635
        3.84	   -0.039557
        3.85	   -0.039465
        3.86	   -0.039357
        3.87	   -0.039234
        3.88	   -0.039096
        3.89	   -0.038944
         3.9	   -0.038777
        3.91	   -0.038596
        3.92	   -0.038401
        3.93	   -0.038191
        3.94	   -0.037968
        3.95	    -0.03773
        3.96	   -0.037479
        3.97	   -0.037214
        3.98	   -0.036936
        3.99	   -0.036644
           4	   -0.036339
        4.01	   -0.036021
        4.02	    -0.03569
        4.03	   -0.035346
        4.04	    -0.03499
        4.05	    -0.03462
        4.06	   -0.034239
        4.07	   -0.033845
        4.08	   -0.033439
        4.09	   -0.033021
         4.1	   -0.032591
        4.11	   -0.032149
        4.12	   -0.031696
        4.13	   -0.031231
        4.14	   -0.030754
        4.15	   -0.030267
        4.16	   -0.029768
        4.17	   -0.029258
        4.18	   -0.028738
        4.19	   -0.028206
         4.2	   -0.027664
        4.21	   -0.027112
        4.22	   -0.026549
        4.23	   -0.025976
        4.24	   -0.025393
        4.25	     -0.0248
        4.26	   -0.024197
        4.27	   -0.023584
        4.28	   -0.022962
        4.29	   -0.022331
         4.3	    -0.02169
        4.31	    -0.02104
        4.32	   -0.020381
        4.33	   -0.019713
        4.34	   -0.019036
        4.35	   -0.018351
        4.36	   -0.017657
        4.37	   -0.016954
        4.38	   -0.016244
        4.39	   -0.015525
         4.4	   -0.014799
        4.41	   -0.014064
        4.42	   -0.013322
        4.43	   -0.012572
        4.44	   -0.011815
        4.45	    -0.01105
        4.46	   -0.010278
        4.47	  -0.0094995
        4.48	  -0.0087137
        4.49	   -0.007921
         4.5	  -0.0071217
        4.51	  -0.0063158
        4.52	  -0.0055036
        4.53	   -0.004685
        4.54	  -0.0038603
        4.55	  -0.0030295
        4.56	  -0.0021929
        4.57	  -0.0013505
        4.58	 -0.00050244
        4.59	  0.00035109
         4.6	     0.00121
        4.61	   0.0020741
        4.62	   0.0029434
        4.63	   0.0038176
        4.64	   0.0046967
        4.65	   0.0055805
        4.66	   0.0064688
        4.67	   0.0073616
        4.68	   0.0082588
        4.69	   0.0091601
         4.7	    0.010066
        4.71	    0.010975
        4.72	    0.011888
        4.73	    0.012805
        4.74	    0.013725
        4.75	    0.014649
        4.76	    0.015576
        4.77	    0.016506
        4.78	    0.017439
        4.79	    0.018375
         4.8	    0.019314
        4.81	    0.020255
        4.82	    0.021199
        4.83	    0.022145
        4.84	    0.023094
        4.85	    0.024044
        4.86	    0.024997
        4.87	    0.025951
        4.88	    0.026907
        4.89	    0.027865
         4.9	    0.028824
        4.91	    0.029785
        4.92	    0.030746
        4.93	    0.031709
        4.94	    0.032672
        4.95	    0.033637
        4.96	    0.034602
        4.97	    0.035567
        4.98	    0.036533
        4.99	    0.037499
           5	    0.038465


          -5	    0.038462
       -4.99	      0.0388
       -4.98	    0.039139
       -4.97	    0.039477
       -4.96	    0.039816
       -4.95	    0.040154
       -4.94	    0.040492
       -4.93	     0.04083
       -4.92	    0.041168
       -4.91	    0.041505
        -4.9	    0.041843
       -4.89	     0.04218
       -4.88	    0.042516
       -4.87	    0.042853
       -4.86	    0.043189
       -4.85	    0.043524
       -4.84	    0.043859
       -4.83	    0.044194
       -4.82	    0.044528
       -4.81	    0.044862
        -4.8	    0.045195
       -4.79	    0.045527
       -4.78	    0.045859
       -4.77	     0.04619
       -4.76	    0.046521
       -4.75	    0.046851
       -4.74	     0.04718
       -4.73	    0.047508
       -4.72	    0.047836
       -4.71	    0.048163
        -4.7	    0.048489
       -4.69	    0.048814
       -4.68	    0.049138
       -4.67	    0.049461
       -4.66	    0.049783
       -4.65	    0.050105
       -4.64	    0.050425
       -4.63	    0.050744
       -4.62	    0.051062
       -4.61	    0.051379
        -4.6	    0.051695
       -4.59	     0.05201
       -4.58	    0.052324
       -4.57	    0.052636
       -4.56	    0.052947
       -4.55	    0.053257
       -4.54	    0.053565
       -4.53	    0.053873
       -4.52	    0.054178
       -4.51	    0.054483
        -4.5	    0.054786
       -4.49	    0.055087
       -4.48	    0.055387
       -4.47	    0.055686
       -4.46	    0.055983
       -4.45	    0.056278
       -4.44	    0.056572
       -4.43	    0.056864
       -4.42	    0.057155
       -4.41	    0.057443
        -4.4	    0.057731
       -4.39	    0.058016
       -4.38	      0.0583
       -4.37	    0.058581
       -4.36	    0.058861
       -4.35	    0.059139
       -4.34	    0.059416
       -4.33	     0.05969
       -4.32	    0.059962
       -4.31	    0.060233
        -4.3	    0.060501
       -4.29	    0.060767
       -4.28	    0.061031
       -4.27	    0.061294
       -4.26	    0.061554
       -4.25	    0.061812
       -4.24	    0.062067
       -4.23	    0.062321
       -4.22	    0.062572
       -4.21	    0.062821
        -4.2	    0.063068
       -4.19	    0.063312
       -4.18	    0.063554
       -4.17	    0.063794
       -4.16	    0.064031
       -4.15	    0.064266
       -4.14	    0.064498
       -4.13	    0.064728
       -4.12	    0.064955
       -4.11	     0.06518
        -4.1	    0.065402
       -4.09	    0.065621
       -4.08	    0.065838
       -4.07	    0.066052
       -4.06	    0.066264
       -4.05	    0.066473
       -4.04	    0.066678
       -4.03	    0.066882
       -4.02	    0.067082
       -4.01	     0.06728
          -4	    0.067474
       -3.99	    0.067666
       -3.98	    0.067855
       -3.97	     0.06804
       -3.96	    0.068223
       -3.95	    0.068403
       -3.94	     0.06858
       -3.93	    0.068753
       -3.92	    0.068924
       -3.91	    0.069091
        -3.9	    0.069256
       -3.89	    0.069417
       -3.88	    0.069574
       -3.87	    0.069729
       -3.86	     0.06988
       -3.85	    0.070028
       -3.84	    0.070173
       -3.83	    0.070314
       -3.82	    0.070452
       -3.81	    0.070586
        -3.8	    0.070717
       -3.79	    0.070845
       -3.78	    0.070968
       -3.77	    0.071089
       -3.76	    0.071206
       -3.75	    0.071319
       -3.74	    0.071428
       -3.73	    0.071534
       -3.72	    0.071636
       -3.71	    0.071735
        -3.7	     0.07183
       -3.69	    0.071921
       -3.68	    0.072008
       -3.67	    0.072091
       -3.66	     0.07217
       -3.65	    0.072246
       -3.64	    0.072318
       -3.63	    0.072385
       -3.62	    0.072449
       -3.61	    0.072508
        -3.6	    0.072564
       -3.59	    0.072616
       -3.58	    0.072663
       -3.57	    0.072706
       -3.56	    0.072746
       -3.55	    0.072781
       -3.54	    0.072813
       -3.53	    0.072841
       -3.52	    0.072867
       -3.51	     0.07289
        -3.5	    0.072911
       -3.49	     0.07293
       -3.48	    0.072946
       -3.47	    0.072962
       -3.46	    0.072976
       -3.45	    0.072989
       -3.44	    0.073002
       -3.43	    0.073015
       -3.42	    0.073027
       -3.41	     0.07304
        -3.4	    0.073053
       -3.39	    0.073067
       -3.38	    0.073083
       -3.37	      0.0731
       -3.36	    0.073118
       -3.35	    0.073139
       -3.34	    0.073162
       -3.33	    0.073187
       -3.32	    0.073216
       -3.31	    0.073248
        -3.3	    0.073283
       -3.29	    0.073322
       -3.28	    0.073365
       -3.27	    0.073413
       -3.26	    0.073465
       -3.25	    0.073522
       -3.24	    0.073585
       -3.23	    0.073653
       -3.22	    0.073727
       -3.21	    0.073807
        -3.2	    0.073894
       -3.19	    0.073987
       -3.18	    0.074087
       -3.17	    0.074195
       -3.16	     0.07431
       -3.15	    0.074434
       -3.14	    0.074565
       -3.13	    0.074705
       -3.12	    0.074854
       -3.11	    0.075011
        -3.1	    0.075179
       -3.09	    0.075355
       -3.08	    0.075542
       -3.07	    0.075739
       -3.06	    0.075947
       -3.05	    0.076166
       -3.04	    0.076395
       -3.03	    0.076636
       -3.02	    0.076889
       -3.01	    0.077154
          -3	    0.077431
       -2.99	    0.077721
       -2.98	    0.078024
       -2.97	    0.078339
       -2.96	    0.078669
       -2.95	    0.079012
       -2.94	    0.079369
       -2.93	    0.079741
       -2.92	    0.080127
       -2.91	    0.080528
        -2.9	    0.080945
       -2.89	    0.081377
       -2.88	    0.081825
       -2.87	    0.082288
       -2.86	    0.082769
       -2.85	    0.083266
       -2.84	     0.08378
       -2.83	    0.084312
       -2.82	    0.084861
       -2.81	    0.085427
        -2.8	    0.086013
       -2.79	    0.086616
       -2.78	    0.087239
       -2.77	     0.08788
       -2.76	    0.088541
       -2.75	    0.089221
       -2.74	    0.089921
       -2.73	    0.090642
       -2.72	    0.091383
       -2.71	    0.092145
        -2.7	    0.092928
       -2.69	    0.093733
       -2.68	    0.094559
       -2.67	    0.095407
       -2.66	    0.096278
       -2.65	    0.097171
       -2.64	    0.098087
       -2.63	    0.099026
       -2.62	    0.099988
       -2.61	     0.10097
        -2.6	     0.10198
       -2.59	     0.10302
       -2.58	     0.10408
       -2.57	     0.10516
       -2.56	     0.10627
       -2.55	     0.10741
       -2.54	     0.10857
       -2.53	     0.10976
       -2.52	     0.11097
       -2.51	     0.11221
        -2.5	     0.11348
       -2.49	     0.11477
       -2.48	     0.11609
       -2.47	     0.11744
       -2.46	     0.11882
       -2.45	     0.12023
       -2.44	     0.12166
       -2.43	     0.12313
       -2.42	     0.12462
       -2.41	     0.12614
        -2.4	      0.1277
       -2.39	     0.12928
       -2.38	     0.13089
       -2.37	     0.13254
       -2.36	     0.13421
       -2.35	     0.13592
       -2.34	     0.13766
       -2.33	     0.13943
       -2.32	     0.14123
       -2.31	     0.14307
        -2.3	     0.14494
       -2.29	     0.14684
       -2.28	     0.14877
       -2.27	     0.15074
       -2.26	     0.15274
       -2.25	     0.15478
       -2.24	     0.15685
       -2.23	     0.15896
       -2.22	      0.1611
       -2.21	     0.16328
        -2.2	     0.16549
       -2.19	     0.16774
       -2.18	     0.17003
       -2.17	     0.17235
       -2.16	     0.17471
       -2.15	      0.1771
       -2.14	     0.17954
       -2.13	     0.18201
       -2.12	     0.18452
       -2.11	     0.18706
        -2.1	     0.18964
       -2.09	     0.19226
       -2.08	     0.19491
       -2.07	      0.1976
       -2.06	     0.20032
       -2.05	     0.20307
       -2.04	     0.20586
       -2.03	     0.20868
       -2.02	     0.21153
       -2.01	     0.21441
          -2	     0.21732
       -1.99	     0.22027
       -1.98	     0.22324
       -1.97	     0.22624
       -1.96	     0.22928
       -1.95	     0.23234
       -1.94	     0.23542
       -1.93	     0.23854
       -1.92	     0.24168
       -1.91	     0.24485
        -1.9	     0.24804
       -1.89	     0.25126
       -1.88	     0.25451
       -1.87	     0.25777
       -1.86	     0.26107
       -1.85	     0.26438
       -1.84	     0.26772
       -1.83	     0.27108
       -1.82	     0.27446
       -1.81	     0.27786
        -1.8	     0.28129
       -1.79	     0.28473
       -1.78	     0.28819
       -1.77	     0.29167
       -1.76	     0.29517
       -1.75	     0.29869
       -1.74	     0.30223
       -1.73	     0.30578
       -1.72	     0.30935
       -1.71	     0.31293
        -1.7	     0.31653
       -1.69	     0.32015
       -1.68	     0.32378
       -1.67	     0.32742
       -1.66	     0.33108
       -1.65	     0.33475
       -1.64	     0.33843
       -1.63	     0.34212
       -1.62	     0.34583
       -1.61	     0.34954
        -1.6	     0.35327
       -1.59	     0.35701
       -1.58	     0.36075
       -1.57	      0.3645
       -1.56	     0.36827
       -1.55	     0.37204
       -1.54	     0.37581
       -1.53	      0.3796
       -1.52	     0.38339
       -1.51	     0.38718
        -1.5	     0.39098
       -1.49	     0.39479
       -1.48	      0.3986
       -1.47	     0.40241
       -1.46	     0.40622
       -1.45	     0.41004
       -1.44	     0.41386
       -1.43	     0.41768
       -1.42	      0.4215
       -1.41	     0.42533
        -1.4	     0.42915
       -1.39	     0.43297
       -1.38	     0.43679
       -1.37	     0.44061
       -1.36	     0.44443
       -1.35	     0.44825
       -1.34	     0.45206
       -1.33	     0.45586
       -1.32	     0.45967
       -1.31	     0.46347
        -1.3	     0.46726
       -1.29	     0.47105
       -1.28	     0.47483
       -1.27	     0.47861
       -1.26	     0.48237
       -1.25	     0.48613
       -1.24	     0.48989
       -1.23	     0.49363
       -1.22	     0.49736
       -1.21	     0.50108
        -1.2	      0.5048
       -1.19	      0.5085
       -1.18	     0.51219
       -1.17	     0.51587
       -1.16	     0.51954
       -1.15	     0.52319
       -1.14	     0.52683
       -1.13	     0.53045
       -1.12	     0.53407
       -1.11	     0.53766
        -1.1	     0.54124
       -1.09	     0.54481
       -1.08	     0.54836
       -1.07	     0.55189
       -1.06	      0.5554
       -1.05	      0.5589
       -1.04	     0.56237
       -1.03	     0.56583
       -1.02	     0.56927
       -1.01	     0.57269
    -0.99998	     0.57608
    -0.98998	     0.57946
    -0.97998	     0.58281
    -0.96998	     0.58614
    -0.95998	     0.58945
    -0.94998	     0.59274
    -0.93998	       0.596
    -0.92998	     0.59924
    -0.91998	     0.60245
    -0.90998	     0.60564
    -0.89998	      0.6088
    -0.88998	     0.61193
    -0.87998	     0.61504
    -0.86998	     0.61812
    -0.85998	     0.62118
    -0.84998	      0.6242
    -0.83998	      0.6272
    -0.82998	     0.63016
    -0.81998	      0.6331
    -0.80998	       0.636
    -0.79998	     0.63888
    -0.78998	     0.64172
    -0.77998	     0.64453
    -0.76998	     0.64731
    -0.75998	     0.65005
    -0.74998	     0.65277
    -0.73998	     0.65544
    -0.72998	     0.65809
    -0.71998	     0.66069
    -0.70998	     0.66326
    -0.69998	      0.6658
    -0.68998	      0.6683
    -0.67998	     0.67076
    -0.66998	     0.67319
    -0.65998	     0.67558
    -0.64998	     0.67794
    -0.63998	     0.68026
    -0.62998	     0.68254
    -0.61998	     0.68479
    -0.60998	       0.687
    -0.59998	     0.68918
    -0.58998	     0.69132
    -0.57998	     0.69343
    -0.56998	     0.69549
    -0.55998	     0.69753
    -0.54998	     0.69952
    -0.53998	     0.70148
    -0.52998	     0.70341
    -0.51998	      0.7053
    -0.50998	     0.70715
    -0.49998	     0.70896
    -0.48998	     0.71074
    -0.47998	     0.71249
    -0.46998	      0.7142
    -0.45998	     0.71587
    -0.44998	     0.71751
    -0.43998	     0.71911
    -0.42998	     0.72067
    -0.41998	      0.7222
    -0.40998	     0.72369
    -0.39998	     0.72515
    -0.38998	     0.72657
    -0.37998	     0.72796
    -0.36998	     0.72931
    -0.35998	     0.73062
    -0.34998	     0.73189
    -0.33998	     0.73314
    -0.32998	     0.73434
    -0.31998	     0.73551
    -0.30998	     0.73664
    -0.29998	     0.73774
    -0.28998	      0.7388
    -0.27998	     0.73983
    -0.26998	     0.74081
    -0.25998	     0.74177
    -0.24998	     0.74269
    -0.23998	     0.74357
    -0.22998	     0.74441
    -0.21998	     0.74522
    -0.20998	     0.74599
    -0.19998	     0.74673
    -0.18998	     0.74743
    -0.17998	      0.7481
    -0.16998	     0.74873
    -0.15998	     0.74932
    -0.14998	     0.74988
    -0.13998	      0.7504
    -0.12998	     0.75089
    -0.11998	     0.75134
    -0.10998	     0.75175
   -0.099981	     0.75213
   -0.089981	     0.75247
   -0.079981	     0.75277
   -0.069981	     0.75304
   -0.059981	     0.75328
   -0.049981	     0.75348
   -0.039981	     0.75364
   -0.029981	     0.75376
   -0.019981	     0.75385
  -0.0099809	     0.75391
  1.9133e-05	     0.75392
    0.010019	     0.75391
    0.020019	     0.75385
    0.030019	     0.75376
    0.040019	     0.75364
    0.050019	     0.75347
    0.060019	     0.75328
    0.070019	     0.75304
    0.080019	     0.75277
    0.090019	     0.75247
     0.10002	     0.75213
     0.11002	     0.75175
     0.12002	     0.75133
     0.13002	     0.75088
     0.14002	      0.7504
     0.15002	     0.74988
     0.16002	     0.74932
     0.17002	     0.74873
     0.18002	      0.7481
     0.19002	     0.74743
     0.20002	     0.74673
     0.21002	     0.74599
     0.22002	     0.74522
     0.23002	     0.74441
     0.24002	     0.74356
     0.25002	     0.74268
     0.26002	     0.74176
     0.27002	     0.74081
     0.28002	     0.73982
     0.29002	      0.7388
     0.30002	     0.73774
     0.31002	     0.73664
     0.32002	     0.73551
     0.33002	     0.73434
     0.34002	     0.73313
     0.35002	     0.73189
     0.36002	     0.73061
     0.37002	      0.7293
     0.38002	     0.72795
     0.39002	     0.72657
     0.40002	     0.72515
     0.41002	     0.72369
     0.42002	      0.7222
     0.43002	     0.72067
     0.44002	      0.7191
     0.45002	      0.7175
     0.46002	     0.71586
     0.47002	     0.71419
     0.48002	     0.71248
     0.49002	     0.71074
     0.50002	     0.70896
     0.51002	     0.70714
     0.52002	     0.70529
     0.53002	      0.7034
     0.54002	     0.70148
     0.55002	     0.69951
     0.56002	     0.69752
     0.57002	     0.69549
     0.58002	     0.69342
     0.59002	     0.69131
     0.60002	     0.68917
     0.61002	       0.687
     0.62002	     0.68478
     0.63002	     0.68254
     0.64002	     0.68025
     0.65002	     0.67793
     0.66002	     0.67558
     0.67002	     0.67318
     0.68002	     0.67076
     0.69002	     0.66829
     0.70002	     0.66579
     0.71002	     0.66326
     0.72002	     0.66068
     0.73002	     0.65808
     0.74002	     0.65543
     0.75002	     0.65276
     0.76002	     0.65004
     0.77002	      0.6473
     0.78002	     0.64452
     0.79002	     0.64171
     0.80002	     0.63887
     0.81002	     0.63599
     0.82002	     0.63309
     0.83002	     0.63015
     0.84002	     0.62718
     0.85002	     0.62419
     0.86002	     0.62116
     0.87002	     0.61811
     0.88002	     0.61503
     0.89002	     0.61192
     0.90002	     0.60879
     0.91002	     0.60563
     0.92002	     0.60244
     0.93002	     0.59923
     0.94002	     0.59599
     0.95002	     0.59273
     0.96002	     0.58944
     0.97002	     0.58613
     0.98002	      0.5828
     0.99002	     0.57945
           1	     0.57607
        1.01	     0.57267
        1.02	     0.56926
        1.03	     0.56582
        1.04	     0.56236
        1.05	     0.55888
        1.06	     0.55539
        1.07	     0.55187
        1.08	     0.54834
        1.09	     0.54479
         1.1	     0.54123
        1.11	     0.53765
        1.12	     0.53405
        1.13	     0.53044
        1.14	     0.52682
        1.15	     0.52318
        1.16	     0.51952
        1.17	     0.51586
        1.18	     0.51218
        1.19	     0.50849
         1.2	     0.50478
        1.21	     0.50107
        1.22	     0.49735
        1.23	     0.49361
        1.24	     0.48987
        1.25	     0.48612
        1.26	     0.48236
        1.27	     0.47859
        1.28	     0.47482
        1.29	     0.47103
         1.3	     0.46725
        1.31	     0.46345
        1.32	     0.45965
        1.33	     0.45585
        1.34	     0.45204
        1.35	     0.44823
        1.36	     0.44442
        1.37	      0.4406
        1.38	     0.43678
        1.39	     0.43296
         1.4	     0.42914
        1.41	     0.42531
        1.42	     0.42149
        1.43	     0.41767
        1.44	     0.41385
        1.45	     0.41003
        1.46	     0.40621
        1.47	     0.40239
        1.48	     0.39858
        1.49	     0.39477
         1.5	     0.39097
        1.51	     0.38717
        1.52	     0.38337
        1.53	     0.37958
        1.54	      0.3758
        1.55	     0.37202
        1.56	     0.36825
        1.57	     0.36449
        1.58	     0.36074
        1.59	     0.35699
         1.6	     0.35326
        1.61	     0.34953
        1.62	     0.34581
        1.63	     0.34211
        1.64	     0.33842
        1.65	     0.33473
        1.66	     0.33106
        1.67	     0.32741
        1.68	     0.32376
        1.69	     0.32013
         1.7	     0.31652
        1.71	     0.31292
        1.72	     0.30933
        1.73	     0.30576
        1.74	     0.30221
        1.75	     0.29868
        1.76	     0.29516
        1.77	     0.29166
        1.78	     0.28818
        1.79	     0.28471
         1.8	     0.28127
        1.81	     0.27785
        1.82	     0.27445
        1.83	     0.27107
        1.84	     0.26771
        1.85	     0.26437
        1.86	     0.26105
        1.87	     0.25776
        1.88	     0.25449
        1.89	     0.25125
         1.9	     0.24803
        1.91	     0.24484
        1.92	     0.24167
        1.93	     0.23853
        1.94	     0.23541
        1.95	     0.23232
        1.96	     0.22926
        1.97	     0.22623
        1.98	     0.22323
        1.99	     0.22026
           2	     0.21731
        2.01	      0.2144
        2.02	     0.21152
        2.03	     0.20867
        2.04	     0.20585
        2.05	     0.20306
        2.06	     0.20031
        2.07	     0.19759
        2.08	      0.1949
        2.09	     0.19225
         2.1	     0.18963
        2.11	     0.18705
        2.12	     0.18451
        2.13	       0.182
        2.14	     0.17953
        2.15	     0.17709
        2.16	      0.1747
        2.17	     0.17234
        2.18	     0.17002
        2.19	     0.16773
         2.2	     0.16548
        2.21	     0.16327
        2.22	     0.16109
        2.23	     0.15895
        2.24	     0.15684
        2.25	     0.15477
        2.26	     0.15274
        2.27	     0.15073
        2.28	     0.14876
        2.29	     0.14683
         2.3	     0.14493
        2.31	     0.14306
        2.32	     0.14122
        2.33	     0.13942
        2.34	     0.13765
        2.35	     0.13591
        2.36	     0.13421
        2.37	     0.13253
        2.38	     0.13089
        2.39	     0.12927
         2.4	     0.12769
        2.41	     0.12614
        2.42	     0.12461
        2.43	     0.12312
        2.44	     0.12166
        2.45	     0.12022
        2.46	     0.11881
        2.47	     0.11744
        2.48	     0.11609
        2.49	     0.11477
         2.5	     0.11347
        2.51	      0.1122
        2.52	     0.11096
        2.53	     0.10975
        2.54	     0.10856
        2.55	      0.1074
        2.56	     0.10627
        2.57	     0.10516
        2.58	     0.10407
        2.59	     0.10302
         2.6	     0.10198
        2.61	     0.10097
        2.62	    0.099984
        2.63	    0.099022
        2.64	    0.098083
        2.65	    0.097167
        2.66	    0.096274
        2.67	    0.095404
        2.68	    0.094556
        2.69	    0.093729
         2.7	    0.092925
        2.71	    0.092142
        2.72	     0.09138
        2.73	    0.090639
        2.74	    0.089919
        2.75	    0.089218
        2.76	    0.088538
        2.77	    0.087877
        2.78	    0.087236
        2.79	    0.086614
         2.8	     0.08601
        2.81	    0.085425
        2.82	    0.084858
        2.83	    0.084309
        2.84	    0.083778
        2.85	    0.083264
        2.86	    0.082767
        2.87	    0.082287
        2.88	    0.081823
        2.89	    0.081375
         2.9	    0.080943
        2.91	    0.080527
        2.92	    0.080125
        2.93	    0.079739
        2.94	    0.079368
        2.95	    0.079011
        2.96	    0.078667
        2.97	    0.078338
        2.98	    0.078022
        2.99	     0.07772
           3	     0.07743
        3.01	    0.077153
        3.02	    0.076888
        3.03	    0.076635
        3.04	    0.076394
        3.05	    0.076165
        3.06	    0.075946
        3.07	    0.075739
        3.08	    0.075542
        3.09	    0.075355
         3.1	    0.075178
        3.11	    0.075011
        3.12	    0.074853
        3.13	    0.074704
        3.14	    0.074564
        3.15	    0.074433
        3.16	     0.07431
        3.17	    0.074195
        3.18	    0.074087
        3.19	    0.073987
         3.2	    0.073893
        3.21	    0.073807
        3.22	    0.073727
        3.23	    0.073653
        3.24	    0.073585
        3.25	    0.073522
        3.26	    0.073465
        3.27	    0.073413
        3.28	    0.073365
        3.29	    0.073322
         3.3	    0.073283
        3.31	    0.073248
        3.32	    0.073216
        3.33	    0.073187
        3.34	    0.073162
        3.35	    0.073139
        3.36	    0.073118
        3.37	      0.0731
        3.38	    0.073083
        3.39	    0.073067
         3.4	    0.073053
        3.41	     0.07304
        3.42	    0.073027
        3.43	    0.073015
        3.44	    0.073002
        3.45	    0.072989
        3.46	    0.072976
        3.47	    0.072962
        3.48	    0.072946
        3.49	     0.07293
         3.5	    0.072911
        3.51	     0.07289
        3.52	    0.072867
        3.53	    0.072841
        3.54	    0.072813
        3.55	    0.072781
        3.56	    0.072745
        3.57	    0.072706
        3.58	    0.072663
        3.59	    0.072615
         3.6	    0.072564
        3.61	    0.072508
        3.62	    0.072449
        3.63	    0.072385
        3.64	    0.072317
        3.65	    0.072246
        3.66	     0.07217
        3.67	    0.072091
        3.68	    0.072007
        3.69	     0.07192
         3.7	    0.071829
        3.71	    0.071735
        3.72	    0.071636
        3.73	    0.071534
        3.74	    0.071428
        3.75	    0.071318
        3.76	    0.071205
        3.77	    0.071088
        3.78	    0.070968
        3.79	    0.070844
         3.8	    0.070717
        3.81	    0.070586
        3.82	    0.070451
        3.83	    0.070313
        3.84	    0.070172
        3.85	    0.070028
        3.86	     0.06988
        3.87	    0.069728
        3.88	    0.069574
        3.89	    0.069416
         3.9	    0.069255
        3.91	    0.069091
        3.92	    0.068923
        3.93	    0.068753
        3.94	    0.068579
        3.95	    0.068402
        3.96	    0.068223
        3.97	     0.06804
        3.98	    0.067854
        3.99	    0.067665
           4	    0.067473
        4.01	    0.067279
        4.02	    0.067081
        4.03	    0.066881
        4.04	    0.066678
        4.05	    0.066472
        4.06	    0.066263
        4.07	    0.066052
        4.08	    0.065837
        4.09	     0.06562
         4.1	    0.065401
        4.11	    0.065179
        4.12	    0.064954
        4.13	    0.064727
        4.14	    0.064497
        4.15	    0.064265
        4.16	     0.06403
        4.17	    0.063793
        4.18	    0.063553
        4.19	    0.063311
         4.2	    0.063067
        4.21	     0.06282
        4.22	    0.062571
        4.23	     0.06232
        4.24	    0.062066
        4.25	    0.061811
        4.26	    0.061553
        4.27	    0.061293
        4.28	     0.06103
        4.29	    0.060766
         4.3	      0.0605
        4.31	    0.060232
        4.32	    0.059961
        4.33	    0.059689
        4.34	    0.059415
        4.35	    0.059138
        4.36	     0.05886
        4.37	     0.05858
        4.38	    0.058298
        4.39	    0.058015
         4.4	    0.057729
        4.41	    0.057442
        4.42	    0.057153
        4.43	    0.056863
        4.44	    0.056571
        4.45	    0.056277
        4.46	    0.055982
        4.47	    0.055685
        4.48	    0.055386
        4.49	    0.055086
         4.5	    0.054784
        4.51	    0.054482
        4.52	    0.054177
        4.53	    0.053871
        4.54	    0.053564
        4.55	    0.053256
        4.56	    0.052946
        4.57	    0.052635
        4.58	    0.052322
        4.59	    0.052009
         4.6	    0.051694
        4.61	    0.051378
        4.62	    0.051061
        4.63	    0.050743
        4.64	    0.050424
        4.65	    0.050104
        4.66	    0.049782
        4.67	     0.04946
        4.68	    0.049137
        4.69	    0.048813
         4.7	    0.048487
        4.71	    0.048161
        4.72	    0.047835
        4.73	    0.047507
        4.74	    0.047179
        4.75	     0.04685
        4.76	     0.04652
        4.77	    0.046189
        4.78	    0.045858
        4.79	    0.045526
         4.8	    0.045193
        4.81	     0.04486
        4.82	    0.044527
        4.83	    0.044193
        4.84	    0.043858
        4.85	    0.043523
        4.86	    0.043187
        4.87	    0.042851
        4.88	    0.042515
        4.89	    0.042178
         4.9	    0.041841
        4.91	    0.041504
        4.92	    0.041167
        4.93	    0.040829
        4.94	    0.040491
        4.95	    0.040153
        4.96	    0.039814
        4.97	    0.039476
        4.98	    0.039137
        4.99	    0.038799
           5	     0.03846


          -5	    0.038462
       -4.99	    0.038621
       -4.98	    0.038781
       -4.97	    0.038941
       -4.96	    0.039101
       -4.95	    0.039262
       -4.94	    0.039422
       -4.93	    0.039582
       -4.92	    0.039743
       -4.91	    0.039904
        -4.9	    0.040065
       -4.89	    0.040227
       -4.88	    0.040389
       -4.87	    0.040551
       -4.86	    0.040713
       -4.85	    0.040876
       -4.84	     0.04104
       -4.83	    0.041203
       -4.82	    0.041368
       -4.81	    0.041533
        -4.8	    0.041698
       -4.79	    0.041864
       -4.78	    0.042031
       -4.77	    0.042198
       -4.76	    0.042366
       -4.75	    0.042534
       -4.74	    0.042704
       -4.73	    0.042874
       -4.72	    0.043045
       -4.71	    0.043216
        -4.7	    0.043389
       -4.69	    0.043562
       -4.68	    0.043736
       -4.67	    0.043911
       -4.66	    0.044088
       -4.65	    0.044265
       -4.64	    0.044443
       -4.63	    0.044622
       -4.62	    0.044802
       -4.61	    0.044984
        -4.6	    0.045166
       -4.59	     0.04535
       -4.58	    0.045534
       -4.57	     0.04572
       -4.56	    0.045908
       -4.55	    0.046096
       -4.54	    0.046286
       -4.53	    0.046477
       -4.52	     0.04667
       -4.51	    0.046864
        -4.5	    0.047059
       -4.49	    0.047256
       -4.48	    0.047454
       -4.47	    0.047654
       -4.46	    0.047855
       -4.45	    0.048058
       -4.44	    0.048262
       -4.43	    0.048467
       -4.42	    0.048674
       -4.41	    0.048883
        -4.4	    0.049093
       -4.39	    0.049305
       -4.38	    0.049518
       -4.37	    0.049733
       -4.36	    0.049949
       -4.35	    0.050167
       -4.34	    0.050386
       -4.33	    0.050607
       -4.32	     0.05083
       -4.31	    0.051054
        -4.3	    0.051279
       -4.29	    0.051507
       -4.28	    0.051735
       -4.27	    0.051966
       -4.26	    0.052198
       -4.25	    0.052432
       -4.24	    0.052667
       -4.23	    0.052904
       -4.22	    0.053143
       -4.21	    0.053383
        -4.2	    0.053625
       -4.19	    0.053869
       -4.18	    0.054114
       -4.17	    0.054361
       -4.16	    0.054609
       -4.15	     0.05486
       -4.14	    0.055112
       -4.13	    0.055366
       -4.12	    0.055621
       -4.11	    0.055878
        -4.1	    0.056137
       -4.09	    0.056398
       -4.08	    0.056661
       -4.07	    0.056925
       -4.06	    0.057191
       -4.05	    0.057459
       -4.04	    0.057728
       -4.03	    0.057999
       -4.02	    0.058273
       -4.01	    0.058547
          -4	    0.058824
       -3.99	    0.059103
       -3.98	    0.059383
       -3.97	    0.059665
       -3.96	    0.059949
       -3.95	    0.060236
       -3.94	    0.060524
       -3.93	    0.060813
       -3.92	    0.061105
       -3.91	    0.061399
        -3.9	    0.061695
       -3.89	    0.061993
       -3.88	    0.062293
       -3.87	    0.062596
       -3.86	      0.0629
       -3.85	    0.063206
       -3.84	    0.063515
       -3.83	    0.063826
       -3.82	    0.064139
       -3.81	    0.064454
        -3.8	    0.064772
       -3.79	    0.065092
       -3.78	    0.065414
       -3.77	    0.065739
       -3.76	    0.066066
       -3.75	    0.066395
       -3.74	    0.066726
       -3.73	    0.067061
       -3.72	    0.067397
       -3.71	    0.067736
        -3.7	    0.068078
       -3.69	    0.068422
       -3.68	    0.068769
       -3.67	    0.069118
       -3.66	     0.06947
       -3.65	    0.069824
       -3.64	    0.070181
       -3.63	    0.070541
       -3.62	    0.070904
       -3.61	    0.071269
        -3.6	    0.071637
       -3.59	    0.072008
       -3.58	    0.072381
       -3.57	    0.072757
       -3.56	    0.073137
       -3.55	    0.073519
       -3.54	    0.073904
       -3.53	    0.074291
       -3.52	    0.074682
       -3.51	    0.075076
        -3.5	    0.075473
       -3.49	    0.075872
       -3.48	    0.076275
       -3.47	    0.076681
       -3.46	     0.07709
       -3.45	    0.077502
       -3.44	    0.077917
       -3.43	    0.078336
       -3.42	    0.078758
       -3.41	    0.079183
        -3.4	    0.079612
       -3.39	    0.080044
       -3.38	    0.080479
       -3.37	    0.080918
       -3.36	    0.081361
       -3.35	    0.081807
       -3.34	    0.082257
       -3.33	     0.08271
       -3.32	    0.083167
       -3.31	    0.083628
        -3.3	    0.084093
       -3.29	    0.084561
       -3.28	    0.085034
       -3.27	     0.08551
       -3.26	     0.08599
       -3.25	    0.086475
       -3.24	    0.086963
       -3.23	    0.087455
       -3.22	    0.087952
       -3.21	    0.088453
        -3.2	    0.088957
       -3.19	    0.089467
       -3.18	     0.08998
       -3.17	    0.090498
       -3.16	     0.09102
       -3.15	    0.091546
       -3.14	    0.092077
       -3.13	    0.092613
       -3.12	    0.093153
       -3.11	    0.093697
        -3.1	    0.094246
       -3.09	      0.0948
       -3.08	    0.095359
       -3.07	    0.095922
       -3.06	     0.09649
       -3.05	    0.097063
       -3.04	    0.097641
       -3.03	    0.098223
       -3.02	    0.098811
       -3.01	    0.099404
          -3	         0.1
       -2.99	      0.1006
       -2.98	     0.10121
       -2.97	     0.10182
       -2.96	     0.10244
       -2.95	     0.10307
       -2.94	      0.1037
       -2.93	     0.10433
       -2.92	     0.10497
       -2.91	     0.10562
        -2.9	     0.10627
       -2.89	     0.10693
       -2.88	     0.10759
       -2.87	     0.10826
       -2.86	     0.10894
       -2.85	     0.10962
       -2.84	     0.11031
       -2.83	       0.111
       -2.82	      0.1117
       -2.81	     0.11241
        -2.8	     0.11312
       -2.79	     0.11384
       -2.78	     0.11457
       -2.77	      0.1153
       -2.76	     0.11604
       -2.75	     0.11679
       -2.74	     0.11754
       -2.73	      0.1183
       -2.72	     0.11907
       -2.71	     0.11985
        -2.7	     0.12063
       -2.69	     0.12142
       -2.68	     0.12222
       -2.67	     0.12302
       -2.66	     0.12384
       -2.65	     0.12466
       -2.64	     0.12549
       -2.63	     0.12632
       -2.62	     0.12716
       -2.61	     0.12802
        -2.6	     0.12888
       -2.59	     0.12974
       -2.58	     0.13062
       -2.57	      0.1315
       -2.56	      0.1324
       -2.55	      0.1333
       -2.54	     0.13421
       -2.53	     0.13513
       -2.52	     0.13605
       -2.51	     0.13699
        -2.5	     0.13793
       -2.49	     0.13889
       -2.48	     0.13985
       -2.47	     0.14082
       -2.46	      0.1418
       -2.45	     0.14279
       -2.44	     0.14379
       -2.43	      0.1448
       -2.42	     0.14582
       -2.41	     0.14685
        -2.4	     0.14789
       -2.39	     0.14894
       -2.38	     0.15001
       -2.37	     0.15108
       -2.36	     0.15216
       -2.35	     0.15326
       -2.34	     0.15436
       -2.33	     0.15548
       -2.32	     0.15661
       -2.31	     0.15776
        -2.3	     0.15891
       -2.29	     0.16008
       -2.28	     0.16125
       -2.27	     0.16245
       -2.26	     0.16365
       -2.25	     0.16487
       -2.24	      0.1661
       -2.23	     0.16734
       -2.22	      0.1686
       -2.21	     0.16987
        -2.2	     0.17115
       -2.19	     0.17245
       -2.18	     0.17376
       -2.17	     0.17509
       -2.16	     0.17643
       -2.15	     0.17779
       -2.14	     0.17916
       -2.13	     0.18055
       -2.12	     0.18195
       -2.11	     0.18336
        -2.1	     0.18479
       -2.09	     0.18624
       -2.08	     0.18771
       -2.07	     0.18918
       -2.06	     0.19068
       -2.05	     0.19219
       -2.04	     0.19372
       -2.03	     0.19527
       -2.02	     0.19683
       -2.01	     0.19841
          -2	         0.2
       -1.99	     0.20162
       -1.98	     0.20325
       -1.97	      0.2049
       -1.96	     0.20656
       -1.95	     0.20825
       -1.94	     0.20996
       -1.93	     0.21168
       -1.92	     0.21342
       -1.91	     0.21518
        -1.9	     0.21697
       -1.89	     0.21877
       -1.88	     0.22059
       -1.87	     0.22244
       -1.86	      0.2243
       -1.85	     0.22619
       -1.84	     0.22809
       -1.83	     0.23002
       -1.82	     0.23197
       -1.81	     0.23395
        -1.8	     0.23594
       -1.79	     0.23796
       -1.78	        0.24
       -1.77	     0.24207
       -1.76	     0.24416
       -1.75	     0.24627
       -1.74	     0.24841
       -1.73	     0.25057
       -1.72	     0.25276
       -1.71	     0.25497
        -1.7	     0.25721
       -1.69	     0.25947
       -1.68	     0.26176
       -1.67	     0.26407
       -1.66	     0.26642
       -1.65	     0.26878
       -1.64	     0.27118
       -1.63	      0.2736
       -1.62	     0.27605
       -1.61	     0.27853
        -1.6	     0.28103
       -1.59	     0.28357
       -1.58	     0.28613
       -1.57	     0.28872
       -1.56	     0.29134
       -1.55	     0.29399
       -1.54	     0.29667
       -1.53	     0.29938
       -1.52	     0.30213
       -1.51	      0.3049
        -1.5	      0.3077
       -1.49	     0.31053
       -1.48	      0.3134
       -1.47	     0.31629
       -1.46	     0.31922
       -1.45	     0.32219
       -1.44	     0.32518
       -1.43	     0.32822
       -1.42	     0.33128
       -1.41	     0.33439
        -1.4	     0.33753
       -1.39	     0.34071
       -1.38	     0.34392
       -1.37	     0.34718
       -1.36	     0.35047
       -1.35	      0.3538
       -1.34	     0.35717
       -1.33	     0.36058
       -1.32	     0.36404
       -1.31	     0.36754
        -1.3	     0.37107
       -1.29	     0.37466
       -1.28	     0.37828
       -1.27	     0.38195
       -1.26	     0.38567
       -1.25	     0.38943
       -1.24	     0.39323
       -1.23	     0.39709
       -1.22	     0.40099
       -1.21	     0.40494
        -1.2	     0.40893
       -1.19	     0.41298
       -1.18	     0.41708
       -1.17	     0.42122
       -1.16	     0.42542
       -1.15	     0.42967
       -1.14	     0.43397
       -1.13	     0.43833
       -1.12	     0.44273
       -1.11	      0.4472
        -1.1	     0.45171
       -1.09	     0.45628
       -1.08	     0.46091
       -1.07	      0.4656
       -1.06	     0.47034
       -1.05	     0.47513
       -1.04	     0.47999
       -1.03	     0.48491
       -1.02	     0.48988
       -1.01	     0.49491
    -0.99998	     0.50001
    -0.98998	     0.50517
    -0.97998	     0.51038
    -0.96998	     0.51566
    -0.95998	     0.52099
    -0.94998	     0.52637
    -0.93998	     0.53181
    -0.92998	      0.5373
    -0.91998	     0.54284
    -0.90998	     0.54843
    -0.89998	     0.55407
    -0.88998	     0.55975
    -0.87998	     0.56547
    -0.86998	     0.57124
    -0.85998	     0.57705
    -0.84998	      0.5829
    -0.83998	     0.58878
    -0.82998	      0.5947
    -0.81998	     0.60066
    -0.80998	     0.60665
    -0.79998	     0.61267
    -0.78998	     0.61872
    -0.77998	     0.62479
    -0.76998	      0.6309
    -0.75998	     0.63703
    -0.74998	     0.64318
    -0.73998	     0.64936
    -0.72998	     0.65555
    -0.71998	     0.66176
    -0.70998	     0.66799
    -0.69998	     0.67424
    -0.68998	      0.6805
    -0.67998	     0.68677
    -0.66998	     0.69306
    -0.65998	     0.69935
    -0.64998	     0.70565
    -0.63998	     0.71196
    -0.62998	     0.71827
    -0.61998	     0.72458
    -0.60998	      0.7309
    -0.59998	     0.73721
    -0.58998	     0.74353
    -0.57998	     0.74984
    -0.56998	     0.75614
    -0.55998	     0.76244
    -0.54998	     0.76873
    -0.53998	     0.77501
    -0.52998	     0.78128
    -0.51998	     0.78754
    -0.50998	     0.79378
    -0.49998	     0.80001
    -0.48998	     0.80622
    -0.47998	     0.81241
    -0.46998	     0.81857
    -0.45998	      0.8247
    -0.44998	      0.8308
    -0.43998	     0.83685
    -0.42998	     0.84287
    -0.41998	     0.84884
    -0.40998	     0.85475
    -0.39998	     0.86061
    -0.38998	     0.86641
    -0.37998	     0.87214
    -0.36998	     0.87781
    -0.35998	      0.8834
    -0.34998	     0.88892
    -0.33998	     0.89435
    -0.32998	      0.8997
    -0.31998	     0.90496
    -0.30998	     0.91012
    -0.29998	     0.91518
    -0.28998	     0.92014
    -0.27998	       0.925
    -0.26998	     0.92974
    -0.25998	     0.93437
    -0.24998	     0.93887
    -0.23998	     0.94326
    -0.22998	     0.94751
    -0.21998	     0.95163
    -0.20998	     0.95561
    -0.19998	     0.95946
    -0.18998	     0.96315
    -0.17998	      0.9667
    -0.16998	     0.97009
    -0.15998	     0.97332
    -0.14998	     0.97639
    -0.13998	      0.9793
    -0.12998	     0.98203
    -0.11998	     0.98459
    -0.10998	     0.98696
   -0.099981	     0.98915
   -0.089981	     0.99116
   -0.079981	     0.99297
   -0.069981	     0.99458
   -0.059981	     0.99599
   -0.049981	      0.9972
   -0.039981	      0.9982
   -0.029981	     0.99898
   -0.019981	     0.99954
  -0.0099809	     0.99989
  1.9133e-05	           1
    0.010019	     0.99988
    0.020019	     0.99954
    0.030019	     0.99898
    0.040019	     0.99819
    0.050019	      0.9972
    0.060019	     0.99599
    0.070019	     0.99458
    0.080019	     0.99296
    0.090019	     0.99115
     0.10002	     0.98915
     0.11002	     0.98695
     0.12002	     0.98458
     0.13002	     0.98202
     0.14002	     0.97929
     0.15002	     0.97638
     0.16002	     0.97331
     0.17002	     0.97008
     0.18002	     0.96669
     0.19002	     0.96314
     0.20002	     0.95944
     0.21002	      0.9556
     0.22002	     0.95162
     0.23002	     0.94749
     0.24002	     0.94324
     0.25002	     0.93886
     0.26002	     0.93435
     0.27002	     0.92972
     0.28002	     0.92498
     0.29002	     0.92013
     0.30002	     0.91516
     0.31002	      0.9101
     0.32002	     0.90494
     0.33002	     0.89968
     0.34002	     0.89433
     0.35002	      0.8889
     0.36002	     0.88338
     0.37002	     0.87779
     0.38002	     0.87212
     0.39002	     0.86639
     0.40002	     0.86059
     0.41002	     0.85473
     0.42002	     0.84881
     0.43002	     0.84285
     0.44002	     0.83683
     0.45002	     0.83077
     0.46002	     0.82468
     0.47002	     0.81855
     0.48002	     0.81238
     0.49002	      0.8062
     0.50002	     0.79999
     0.51002	     0.79376
     0.52002	     0.78752
     0.53002	     0.78126
     0.54002	     0.77499
     0.55002	     0.76871
     0.56002	     0.76242
     0.57002	     0.75612
     0.58002	     0.74981
     0.59002	      0.7435
     0.60002	     0.73719
     0.61002	     0.73087
     0.62002	     0.72456
     0.63002	     0.71825
     0.64002	     0.71193
     0.65002	     0.70563
     0.66002	     0.69933
     0.67002	     0.69303
     0.68002	     0.68675
     0.69002	     0.68048
     0.70002	     0.67422
     0.71002	     0.66797
     0.72002	     0.66174
     0.73002	     0.65553
     0.74002	     0.64933
     0.75002	     0.64316
     0.76002	       0.637
     0.77002	     0.63088
     0.78002	     0.62477
     0.79002	     0.61869
     0.80002	     0.61264
     0.81002	     0.60662
     0.82002	     0.60064
     0.83002	     0.59468
     0.84002	     0.58876
     0.85002	     0.58287
     0.86002	     0.57703
     0.87002	     0.57122
     0.88002	     0.56545
     0.89002	     0.55973
     0.90002	     0.55404
     0.91002	     0.54841
     0.92002	     0.54282
     0.93002	     0.53728
     0.94002	     0.53179
     0.95002	     0.52635
     0.96002	     0.52097
     0.97002	     0.51564
     0.98002	     0.51036
     0.99002	     0.50515
           1	     0.49999
        1.01	      0.4949
        1.02	     0.48986
        1.03	     0.48489
        1.04	     0.47997
        1.05	     0.47512
        1.06	     0.47032
        1.07	     0.46558
        1.08	     0.46089
        1.09	     0.45627
         1.1	      0.4517
        1.11	     0.44718
        1.12	     0.44272
        1.13	     0.43831
        1.14	     0.43396
        1.15	     0.42966
        1.16	     0.42541
        1.17	     0.42121
        1.18	     0.41706
        1.19	     0.41297
         1.2	     0.40892
        1.21	     0.40492
        1.22	     0.40097
        1.23	     0.39707
        1.24	     0.39322
        1.25	     0.38941
        1.26	     0.38565
        1.27	     0.38194
        1.28	     0.37827
        1.29	     0.37464
         1.3	     0.37106
        1.31	     0.36752
        1.32	     0.36403
        1.33	     0.36057
        1.34	     0.35716
        1.35	     0.35379
        1.36	     0.35045
        1.37	     0.34716
        1.38	     0.34391
        1.39	     0.34069
         1.4	     0.33752
        1.41	     0.33438
        1.42	     0.33127
        1.43	     0.32821
        1.44	     0.32517
        1.45	     0.32218
        1.46	     0.31921
        1.47	     0.31628
        1.48	     0.31338
        1.49	     0.31052
         1.5	     0.30769
        1.51	     0.30489
        1.52	     0.30211
        1.53	     0.29937
        1.54	     0.29666
        1.55	     0.29398
        1.56	     0.29133
        1.57	     0.28871
        1.58	     0.28612
        1.59	     0.28356
         1.6	     0.28102
        1.61	     0.27852
        1.62	     0.27604
        1.63	     0.27359
        1.64	     0.27117
        1.65	     0.26877
        1.66	     0.26641
        1.67	     0.26407
        1.68	     0.26175
        1.69	     0.25946
         1.7	      0.2572
        1.71	     0.25496
        1.72	     0.25275
        1.73	     0.25056
        1.74	      0.2484
        1.75	     0.24626
        1.76	     0.24415
        1.77	     0.24206
        1.78	        0.24
        1.79	     0.23795
         1.8	     0.23594
        1.81	     0.23394
        1.82	     0.23197
        1.83	     0.23002
        1.84	     0.22809
        1.85	     0.22618
        1.86	     0.22429
        1.87	     0.22243
        1.88	     0.22059
        1.89	     0.21876
         1.9	     0.21696
        1.91	     0.21518
        1.92	     0.21342
        1.93	     0.21167
        1.94	     0.20995
        1.95	     0.20824
        1.96	     0.20656
        1.97	     0.20489
        1.98	     0.20324
        1.99	     0.20161
           2	         0.2
        2.01	      0.1984
        2.02	     0.19682
        2.03	     0.19526
        2.04	     0.19371
        2.05	     0.19219
        2.06	     0.19067
        2.07	     0.18918
        2.08	      0.1877
        2.09	     0.18624
         2.1	     0.18479
        2.11	     0.18336
        2.12	     0.18194
        2.13	     0.18054
        2.14	     0.17915
        2.15	     0.17778
        2.16	     0.17643
        2.17	     0.17509
        2.18	     0.17376
        2.19	     0.17245
         2.2	     0.17115
        2.21	     0.16986
        2.22	     0.16859
        2.23	     0.16734
        2.24	     0.16609
        2.25	     0.16486
        2.26	     0.16365
        2.27	     0.16244
        2.28	     0.16125
        2.29	     0.16007
         2.3	      0.1589
        2.31	     0.15775
        2.32	     0.15661
        2.33	     0.15548
        2.34	     0.15436
        2.35	     0.15325
        2.36	     0.15216
        2.37	     0.15107
        2.38	        0.15
        2.39	     0.14894
         2.4	     0.14789
        2.41	     0.14685
        2.42	     0.14582
        2.43	      0.1448
        2.44	     0.14379
        2.45	     0.14279
        2.46	      0.1418
        2.47	     0.14082
        2.48	     0.13984
        2.49	     0.13888
         2.5	     0.13793
        2.51	     0.13699
        2.52	     0.13605
        2.53	     0.13512
        2.54	      0.1342
        2.55	      0.1333
        2.56	     0.13239
        2.57	      0.1315
        2.58	     0.13062
        2.59	     0.12974
         2.6	     0.12887
        2.61	     0.12801
        2.62	     0.12716
        2.63	     0.12632
        2.64	     0.12548
        2.65	     0.12465
        2.66	     0.12383
        2.67	     0.12302
        2.68	     0.12222
        2.69	     0.12142
         2.7	     0.12063
        2.71	     0.11984
        2.72	     0.11907
        2.73	      0.1183
        2.74	     0.11754
        2.75	     0.11679
        2.76	     0.11604
        2.77	      0.1153
        2.78	     0.11456
        2.79	     0.11384
         2.8	     0.11312
        2.81	      0.1124
        2.82	      0.1117
        2.83	       0.111
        2.84	      0.1103
        2.85	     0.10961
        2.86	     0.10893
        2.87	     0.10826
        2.88	     0.10759
        2.89	     0.10692
         2.9	     0.10627
        2.91	     0.10561
        2.92	     0.10497
        2.93	     0.10433
        2.94	     0.10369
        2.95	     0.10306
        2.96	     0.10244
        2.97	     0.10182
        2.98	     0.10121
        2.99	      0.1006
           3	    0.099999
        3.01	    0.099401
        3.02	    0.098809
        3.03	    0.098221
        3.04	    0.097639
        3.05	    0.097061
        3.06	    0.096488
        3.07	     0.09592
        3.08	    0.095357
        3.09	    0.094798
         3.1	    0.094244
        3.11	    0.093695
        3.12	    0.093151
        3.13	    0.092611
        3.14	    0.092075
        3.15	    0.091544
        3.16	    0.091018
        3.17	    0.090496
        3.18	    0.089978
        3.19	    0.089465
         3.2	    0.088955
        3.21	    0.088451
        3.22	     0.08795
        3.23	    0.087453
        3.24	    0.086961
        3.25	    0.086473
        3.26	    0.085989
        3.27	    0.085508
        3.28	    0.085032
        3.29	     0.08456
         3.3	    0.084091
        3.31	    0.083627
        3.32	    0.083166
        3.33	    0.082709
        3.34	    0.082255
        3.35	    0.081805
        3.36	    0.081359
        3.37	    0.080917
        3.38	    0.080478
        3.39	    0.080042
         3.4	     0.07961
        3.41	    0.079182
        3.42	    0.078756
        3.43	    0.078334
        3.44	    0.077916
        3.45	      0.0775
        3.46	    0.077088
        3.47	    0.076679
        3.48	    0.076274
        3.49	    0.075871
         3.5	    0.075471
        3.51	    0.075074
        3.52	    0.074681
        3.53	     0.07429
        3.54	    0.073902
        3.55	    0.073517
        3.56	    0.073135
        3.57	    0.072756
        3.58	     0.07238
        3.59	    0.072006
         3.6	    0.071635
        3.61	    0.071267
        3.62	    0.070902
        3.63	     0.07054
        3.64	     0.07018
        3.65	    0.069823
        3.66	    0.069468
        3.67	    0.069117
        3.68	    0.068767
        3.69	    0.068421
         3.7	    0.068077
        3.71	    0.067735
        3.72	    0.067396
        3.73	    0.067059
        3.74	    0.066725
        3.75	    0.066394
        3.76	    0.066064
        3.77	    0.065737
        3.78	    0.065413
        3.79	    0.065091
         3.8	    0.064771
        3.81	    0.064453
        3.82	    0.064138
        3.83	    0.063825
        3.84	    0.063514
        3.85	    0.063205
        3.86	    0.062899
        3.87	    0.062595
        3.88	    0.062292
        3.89	    0.061992
         3.9	    0.061694
        3.91	    0.061398
        3.92	    0.061104
        3.93	    0.060812
        3.94	    0.060522
        3.95	    0.060234
        3.96	    0.059948
        3.97	    0.059664
        3.98	    0.059382
        3.99	    0.059102
           4	    0.058823
        4.01	    0.058546
        4.02	    0.058271
        4.03	    0.057998
        4.04	    0.057727
        4.05	    0.057457
        4.06	     0.05719
        4.07	    0.056924
        4.08	     0.05666
        4.09	    0.056397
         4.1	    0.056136
        4.11	    0.055877
        4.12	     0.05562
        4.13	    0.055365
        4.14	    0.055111
        4.15	    0.054859
        4.16	    0.054608
        4.17	     0.05436
        4.18	    0.054113
        4.19	    0.053868
         4.2	    0.053624
        4.21	    0.053382
        4.22	    0.053142
        4.23	    0.052903
        4.24	    0.052666
        4.25	    0.052431
        4.26	    0.052197
        4.27	    0.051965
        4.28	    0.051735
        4.29	    0.051506
         4.3	    0.051278
        4.31	    0.051053
        4.32	    0.050829
        4.33	    0.050606
        4.34	    0.050385
        4.35	    0.050166
        4.36	    0.049948
        4.37	    0.049732
        4.38	    0.049517
        4.39	    0.049304
         4.4	    0.049092
        4.41	    0.048882
        4.42	    0.048674
        4.43	    0.048466
        4.44	    0.048261
        4.45	    0.048057
        4.46	    0.047854
        4.47	    0.047653
        4.48	    0.047453
        4.49	    0.047255
         4.5	    0.047058
        4.51	    0.046863
        4.52	    0.046669
        4.53	    0.046477
        4.54	    0.046285
        4.55	    0.046096
        4.56	    0.045907
        4.57	     0.04572
        4.58	    0.045534
        4.59	    0.045349
         4.6	    0.045165
        4.61	    0.044983
        4.62	    0.044801
        4.63	    0.044621
        4.64	    0.044442
        4.65	    0.044264
        4.66	    0.044087
        4.67	    0.043911
        4.68	    0.043736
        4.69	    0.043561
         4.7	    0.043388
        4.71	    0.043215
        4.72	    0.043044
        4.73	    0.042873
        4.74	    0.042703
        4.75	    0.042534
        4.76	    0.042365
        4.77	    0.042197
        4.78	     0.04203
        4.79	    0.041863
         4.8	    0.041697
        4.81	    0.041532
        4.82	    0.041367
        4.83	    0.041203
        4.84	    0.041039
        4.85	    0.040876
        4.86	    0.040713
        4.87	     0.04055
        4.88	    0.040388
        4.89	    0.040226
         4.9	    0.040065
        4.91	    0.039904
        4.92	    0.039743
        4.93	    0.039582
        4.94	    0.039421
        4.95	    0.039261
        4.96	    0.039101
        4.97	    0.038941
        4.98	    0.038781
        4.99	    0.038621
           5	    0.038461


