          -5	    -0.83907
       -4.99	    -0.83453
       -4.98	    -0.82998
       -4.97	    -0.82543
       -4.96	    -0.82089
       -4.95	    -0.81634
       -4.94	    -0.81179
       -4.93	    -0.80725
       -4.92	     -0.8027
       -4.91	    -0.79816
        -4.9	    -0.79361
       -4.89	    -0.78907
       -4.88	    -0.78452
       -4.87	    -0.77997
       -4.86	    -0.77543
       -4.85	    -0.77088
       -4.84	    -0.76634
       -4.83	    -0.76179
       -4.82	    -0.75725
       -4.81	     -0.7527
        -4.8	    -0.74816
       -4.79	    -0.74361
       -4.78	    -0.73907
       -4.77	    -0.73452
       -4.76	    -0.72998
       -4.75	    -0.72543
       -4.74	    -0.72089
       -4.73	    -0.71634
       -4.72	     -0.7118
       -4.71	    -0.70725
        -4.7	    -0.70271
       -4.69	    -0.69817
       -4.68	    -0.69362
       -4.67	    -0.68908
       -4.66	    -0.68454
       -4.65	    -0.67999
       -4.64	    -0.67545
       -4.63	    -0.67091
       -4.62	    -0.66637
       -4.61	    -0.66182
        -4.6	    -0.65728
       -4.59	    -0.65274
       -4.58	     -0.6482
       -4.57	    -0.64366
       -4.56	    -0.63912
       -4.55	    -0.63457
       -4.54	    -0.63003
       -4.53	    -0.62549
       -4.52	    -0.62095
       -4.51	    -0.61641
        -4.5	    -0.61187
       -4.49	    -0.60733
       -4.48	     -0.6028
       -4.47	    -0.59826
       -4.46	    -0.59372
       -4.45	    -0.58918
       -4.44	    -0.58464
       -4.43	     -0.5801
       -4.42	    -0.57557
       -4.41	    -0.57103
        -4.4	    -0.56649
       -4.39	    -0.56196
       -4.38	    -0.55742
       -4.37	    -0.55288
       -4.36	    -0.54835
       -4.35	    -0.54381
       -4.34	    -0.53928
       -4.33	    -0.53474
       -4.32	    -0.53021
       -4.31	    -0.52568
        -4.3	    -0.52114
       -4.29	    -0.51661
       -4.28	    -0.51208
       -4.27	    -0.50755
       -4.26	    -0.50301
       -4.25	    -0.49848
       -4.24	    -0.49395
       -4.23	    -0.48942
       -4.22	    -0.48489
       -4.21	    -0.48036
        -4.2	    -0.47583
       -4.19	     -0.4713
       -4.18	    -0.46677
       -4.17	    -0.46224
       -4.16	    -0.45772
       -4.15	    -0.45319
       -4.14	    -0.44866
       -4.13	    -0.44414
       -4.12	    -0.43961
       -4.11	    -0.43509
        -4.1	    -0.43056
       -4.09	    -0.42604
       -4.08	    -0.42151
       -4.07	    -0.41699
       -4.06	    -0.41247
       -4.05	    -0.40794
       -4.04	    -0.40342
       -4.03	     -0.3989
       -4.02	    -0.39438
       -4.01	    -0.38986
          -4	    -0.38534
       -3.99	    -0.38082
       -3.98	     -0.3763
       -3.97	    -0.37178
       -3.96	    -0.36726
       -3.95	    -0.36275
       -3.94	    -0.35823
       -3.93	    -0.35371
       -3.92	     -0.3492
       -3.91	    -0.34468
        -3.9	    -0.34017
       -3.89	    -0.33566
       -3.88	    -0.33114
       -3.87	    -0.32663
       -3.86	    -0.32212
       -3.85	    -0.31761
       -3.84	     -0.3131
       -3.83	    -0.30859
       -3.82	    -0.30408
       -3.81	    -0.29957
        -3.8	    -0.29506
       -3.79	    -0.29055
       -3.78	    -0.28604
       -3.77	    -0.28154
       -3.76	    -0.27703
       -3.75	    -0.27253
       -3.74	    -0.26802
       -3.73	    -0.26352
       -3.72	    -0.25902
       -3.71	    -0.25451
        -3.7	    -0.25001
       -3.69	    -0.24551
       -3.68	    -0.24101
       -3.67	    -0.23651
       -3.66	    -0.23201
       -3.65	    -0.22751
       -3.64	    -0.22302
       -3.63	    -0.21852
       -3.62	    -0.21402
       -3.61	    -0.20953
        -3.6	    -0.20503
       -3.59	    -0.20054
       -3.58	    -0.19605
       -3.57	    -0.19155
       -3.56	    -0.18706
       -3.55	    -0.18257
       -3.54	    -0.17808
       -3.53	    -0.17359
       -3.52	     -0.1691
       -3.51	    -0.16462
        -3.5	    -0.16013
       -3.49	    -0.15564
       -3.48	    -0.15116
       -3.47	    -0.14667
       -3.46	    -0.14219
       -3.45	    -0.13771
       -3.44	    -0.13323
       -3.43	    -0.12874
       -3.42	    -0.12426
       -3.41	    -0.11978
        -3.4	    -0.11531
       -3.39	    -0.11083
       -3.38	    -0.10635
       -3.37	    -0.10187
       -3.36	   -0.097399
       -3.35	   -0.092925
       -3.34	   -0.088451
       -3.33	   -0.083978
       -3.32	   -0.079506
       -3.31	   -0.075036
        -3.3	   -0.070566
       -3.29	   -0.066096
       -3.28	   -0.061628
       -3.27	   -0.057161
       -3.26	   -0.052694
       -3.25	   -0.048229
       -3.24	   -0.043764
       -3.23	   -0.039301
       -3.22	   -0.034838
       -3.21	   -0.030376
        -3.2	   -0.025916
       -3.19	   -0.021456
       -3.18	   -0.016997
       -3.17	   -0.012539
       -3.16	  -0.0080819
       -3.15	  -0.0036259
       -3.14	  0.00082912
       -3.13	   0.0052831
       -3.12	   0.0097362
       -3.11	    0.014188
        -3.1	    0.018639
       -3.09	    0.023089
       -3.08	    0.027538
       -3.07	    0.031986
       -3.06	    0.036433
       -3.05	    0.040879
       -3.04	    0.045324
       -3.03	    0.049768
       -3.02	    0.054211
       -3.01	    0.058653
          -3	    0.063093
       -2.99	    0.067533
       -2.98	    0.071972
       -2.97	    0.076409
       -2.96	    0.080846
       -2.95	    0.085281
       -2.94	    0.089716
       -2.93	    0.094149
       -2.92	    0.098581
       -2.91	     0.10301
        -2.9	     0.10744
       -2.89	     0.11187
       -2.88	      0.1163
       -2.87	     0.12073
       -2.86	     0.12515
       -2.85	     0.12957
       -2.84	       0.134
       -2.83	     0.13842
       -2.82	     0.14284
       -2.81	     0.14726
        -2.8	     0.15168
       -2.79	      0.1561
       -2.78	     0.16051
       -2.77	     0.16493
       -2.76	     0.16934
       -2.75	     0.17375
       -2.74	     0.17817
       -2.73	     0.18258
       -2.72	     0.18699
       -2.71	     0.19139
        -2.7	      0.1958
       -2.69	     0.20021
       -2.68	     0.20461
       -2.67	     0.20901
       -2.66	     0.21341
       -2.65	     0.21782
       -2.64	     0.22221
       -2.63	     0.22661
       -2.62	     0.23101
       -2.61	     0.23541
        -2.6	      0.2398
       -2.59	     0.24419
       -2.58	     0.24858
       -2.57	     0.25297
       -2.56	     0.25736
       -2.55	     0.26175
       -2.54	     0.26614
       -2.53	     0.27052
       -2.52	     0.27491
       -2.51	     0.27929
        -2.5	     0.28367
       -2.49	     0.28805
       -2.48	     0.29243
       -2.47	     0.29681
       -2.46	     0.30118
       -2.45	     0.30556
       -2.44	     0.30993
       -2.43	      0.3143
       -2.42	     0.31866
       -2.41	     0.32303
        -2.4	     0.32739
       -2.39	     0.33175
       -2.38	     0.33611
       -2.37	     0.34046
       -2.36	     0.34481
       -2.35	     0.34916
       -2.34	      0.3535
       -2.33	     0.35785
       -2.32	     0.36218
       -2.31	     0.36652
        -2.3	     0.37085
       -2.29	     0.37517
       -2.28	      0.3795
       -2.27	     0.38381
       -2.26	     0.38813
       -2.25	     0.39244
       -2.24	     0.39674
       -2.23	     0.40104
       -2.22	     0.40534
       -2.21	     0.40963
        -2.2	     0.41391
       -2.19	     0.41819
       -2.18	     0.42247
       -2.17	     0.42674
       -2.16	       0.431
       -2.15	     0.43526
       -2.14	     0.43951
       -2.13	     0.44376
       -2.12	       0.448
       -2.11	     0.45223
        -2.1	     0.45646
       -2.09	     0.46068
       -2.08	     0.46489
       -2.07	      0.4691
       -2.06	      0.4733
       -2.05	     0.47749
       -2.04	     0.48168
       -2.03	     0.48586
       -2.02	     0.49003
       -2.01	      0.4942
          -2	     0.49835
       -1.99	      0.5025
       -1.98	     0.50664
       -1.97	     0.51077
       -1.96	      0.5149
       -1.95	     0.51901
       -1.94	     0.52312
       -1.93	     0.52722
       -1.92	     0.53131
       -1.91	     0.53539
        -1.9	     0.53947
       -1.89	     0.54353
       -1.88	     0.54758
       -1.87	     0.55163
       -1.86	     0.55566
       -1.85	     0.55969
       -1.84	     0.56371
       -1.83	     0.56771
       -1.82	     0.57171
       -1.81	     0.57569
        -1.8	     0.57967
       -1.79	     0.58364
       -1.78	     0.58759
       -1.77	     0.59153
       -1.76	     0.59547
       -1.75	     0.59939
       -1.74	      0.6033
       -1.73	      0.6072
       -1.72	     0.61109
       -1.71	     0.61497
        -1.7	     0.61883
       -1.69	     0.62269
       -1.68	     0.62653
       -1.67	     0.63036
       -1.66	     0.63418
       -1.65	     0.63799
       -1.64	     0.64178
       -1.63	     0.64556
       -1.62	     0.64933
       -1.61	     0.65309
        -1.6	     0.65683
       -1.59	     0.66056
       -1.58	     0.66428
       -1.57	     0.66798
       -1.56	     0.67167
       -1.55	     0.67535
       -1.54	     0.67901
       -1.53	     0.68266
       -1.52	      0.6863
       -1.51	     0.68992
        -1.5	     0.69353
       -1.49	     0.69712
       -1.48	      0.7007
       -1.47	     0.70426
       -1.46	     0.70781
       -1.45	     0.71135
       -1.44	     0.71487
       -1.43	     0.71837
       -1.42	     0.72186
       -1.41	     0.72533
        -1.4	     0.72879
       -1.39	     0.73224
       -1.38	     0.73566
       -1.37	     0.73908
       -1.36	     0.74247
       -1.35	     0.74585
       -1.34	     0.74922
       -1.33	     0.75256
       -1.32	     0.75589
       -1.31	     0.75921
        -1.3	      0.7625
       -1.29	     0.76578
       -1.28	     0.76905
       -1.27	     0.77229
       -1.26	     0.77552
       -1.25	     0.77873
       -1.24	     0.78193
       -1.23	      0.7851
       -1.22	     0.78826
       -1.21	      0.7914
        -1.2	     0.79453
       -1.19	     0.79763
       -1.18	     0.80072
       -1.17	     0.80379
       -1.16	     0.80683
       -1.15	     0.80986
       -1.14	     0.81288
       -1.13	     0.81587
       -1.12	     0.81884
       -1.11	      0.8218
        -1.1	     0.82473
       -1.09	     0.82765
       -1.08	     0.83054
       -1.07	     0.83342
       -1.06	     0.83628
       -1.05	     0.83911
       -1.04	     0.84193
       -1.03	     0.84473
       -1.02	      0.8475
       -1.01	     0.85026
    -0.99998	     0.85299
    -0.98998	     0.85571
    -0.97998	      0.8584
    -0.96998	     0.86107
    -0.95998	     0.86372
    -0.94998	     0.86635
    -0.93998	     0.86896
    -0.92998	     0.87154
    -0.91998	     0.87411
    -0.90998	     0.87665
    -0.89998	     0.87917
    -0.88998	     0.88167
    -0.87998	     0.88415
    -0.86998	      0.8866
    -0.85998	     0.88904
    -0.84998	     0.89145
    -0.83998	     0.89383
    -0.82998	      0.8962
    -0.81998	     0.89854
    -0.80998	     0.90086
    -0.79998	     0.90315
    -0.78998	     0.90542
    -0.77998	     0.90767
    -0.76998	     0.90989
    -0.75998	     0.91209
    -0.74998	     0.91427
    -0.73998	     0.91642
    -0.72998	     0.91855
    -0.71998	     0.92066
    -0.70998	     0.92274
    -0.69998	     0.92479
    -0.68998	     0.92682
    -0.67998	     0.92883
    -0.66998	     0.93081
    -0.65998	     0.93277
    -0.64998	      0.9347
    -0.63998	      0.9366
    -0.62998	     0.93848
    -0.61998	     0.94034
    -0.60998	     0.94217
    -0.59998	     0.94397
    -0.58998	     0.94575
    -0.57998	      0.9475
    -0.56998	     0.94922
    -0.55998	     0.95092
    -0.54998	     0.95259
    -0.53998	     0.95424
    -0.52998	     0.95586
    -0.51998	     0.95745
    -0.50998	     0.95901
    -0.49998	     0.96055
    -0.48998	     0.96206
    -0.47998	     0.96354
    -0.46998	       0.965
    -0.45998	     0.96643
    -0.44998	     0.96783
    -0.43998	      0.9692
    -0.42998	     0.97054
    -0.41998	     0.97186
    -0.40998	     0.97315
    -0.39998	     0.97441
    -0.38998	     0.97564
    -0.37998	     0.97684
    -0.36998	     0.97801
    -0.35998	     0.97916
    -0.34998	     0.98027
    -0.33998	     0.98136
    -0.32998	     0.98242
    -0.31998	     0.98344
    -0.30998	     0.98444
    -0.29998	     0.98541
    -0.28998	     0.98635
    -0.27998	     0.98726
    -0.26998	     0.98813
    -0.25998	     0.98898
    -0.24998	      0.9898
    -0.23998	     0.99059
    -0.22998	     0.99134
    -0.21998	     0.99207
    -0.20998	     0.99277
    -0.19998	     0.99343
    -0.18998	     0.99406
    -0.17998	     0.99466
    -0.16998	     0.99523
    -0.15998	     0.99577
    -0.14998	     0.99628
    -0.13998	     0.99676
    -0.12998	      0.9972
    -0.11998	     0.99761
    -0.10998	     0.99799
   -0.099981	     0.99834
   -0.089981	     0.99865
   -0.079981	     0.99893
   -0.069981	     0.99918
   -0.059981	      0.9994
   -0.049981	     0.99958
   -0.039981	     0.99973
   -0.029981	     0.99985
   -0.019981	     0.99993
  -0.0099809	     0.99998
  1.9133e-05	           1
    0.010019	     0.99998
    0.020019	     0.99993
    0.030019	     0.99985
    0.040019	     0.99973
    0.050019	     0.99958
    0.060019	      0.9994
    0.070019	     0.99918
    0.080019	     0.99893
    0.090019	     0.99865
     0.10002	     0.99833
     0.11002	     0.99799
     0.12002	     0.99761
     0.13002	      0.9972
     0.14002	     0.99675
     0.15002	     0.99628
     0.16002	     0.99577
     0.17002	     0.99523
     0.18002	     0.99466
     0.19002	     0.99406
     0.20002	     0.99343
     0.21002	     0.99276
     0.22002	     0.99207
     0.23002	     0.99134
     0.24002	     0.99058
     0.25002	      0.9898
     0.26002	     0.98898
     0.27002	     0.98813
     0.28002	     0.98725
     0.29002	     0.98634
     0.30002	     0.98541
     0.31002	     0.98444
     0.32002	     0.98344
     0.33002	     0.98241
     0.34002	     0.98136
     0.35002	     0.98027
     0.36002	     0.97915
     0.37002	     0.97801
     0.38002	     0.97684
     0.39002	     0.97563
     0.40002	      0.9744
     0.41002	     0.97314
     0.42002	     0.97185
     0.43002	     0.97054
     0.44002	     0.96919
     0.45002	     0.96782
     0.46002	     0.96642
     0.47002	     0.96499
     0.48002	     0.96354
     0.49002	     0.96205
     0.50002	     0.96054
     0.51002	     0.95901
     0.52002	     0.95744
     0.53002	     0.95585
     0.54002	     0.95423
     0.55002	     0.95258
     0.56002	     0.95091
     0.57002	     0.94921
     0.58002	     0.94749
     0.59002	     0.94574
     0.60002	     0.94396
     0.61002	     0.94216
     0.62002	     0.94033
     0.63002	     0.93847
     0.64002	     0.93659
     0.65002	     0.93469
     0.66002	     0.93276
     0.67002	      0.9308
     0.68002	     0.92882
     0.69002	     0.92681
     0.70002	     0.92478
     0.71002	     0.92273
     0.72002	     0.92065
     0.73002	     0.91854
     0.74002	     0.91642
     0.75002	     0.91426
     0.76002	     0.91209
     0.77002	     0.90989
     0.78002	     0.90766
     0.79002	     0.90541
     0.80002	     0.90314
     0.81002	     0.90085
     0.82002	     0.89853
     0.83002	     0.89619
     0.84002	     0.89382
     0.85002	     0.89144
     0.86002	     0.88903
     0.87002	      0.8866
     0.88002	     0.88414
     0.89002	     0.88166
     0.90002	     0.87916
     0.91002	     0.87664
     0.92002	      0.8741
     0.93002	     0.87154
     0.94002	     0.86895
     0.95002	     0.86634
     0.96002	     0.86371
     0.97002	     0.86106
     0.98002	     0.85839
     0.99002	     0.85569
           1	     0.85298
        1.01	     0.85025
        1.02	     0.84749
        1.03	     0.84472
        1.04	     0.84192
        1.05	      0.8391
        1.06	     0.83627
        1.07	     0.83341
        1.08	     0.83053
        1.09	     0.82764
         1.1	     0.82472
        1.11	     0.82179
        1.12	     0.81883
        1.13	     0.81586
        1.14	     0.81287
        1.15	     0.80985
        1.16	     0.80682
        1.17	     0.80377
        1.18	     0.80071
        1.19	     0.79762
         1.2	     0.79451
        1.21	     0.79139
        1.22	     0.78825
        1.23	     0.78509
        1.24	     0.78192
        1.25	     0.77872
        1.26	     0.77551
        1.27	     0.77228
        1.28	     0.76904
        1.29	     0.76577
         1.3	     0.76249
        1.31	     0.75919
        1.32	     0.75588
        1.33	     0.75255
        1.34	      0.7492
        1.35	     0.74584
        1.36	     0.74246
        1.37	     0.73906
        1.38	     0.73565
        1.39	     0.73222
         1.4	     0.72878
        1.41	     0.72532
        1.42	     0.72185
        1.43	     0.71836
        1.44	     0.71485
        1.45	     0.71133
        1.46	      0.7078
        1.47	     0.70425
        1.48	     0.70068
        1.49	     0.69711
         1.5	     0.69351
        1.51	      0.6899
        1.52	     0.68628
        1.53	     0.68265
        1.54	       0.679
        1.55	     0.67533
        1.56	     0.67166
        1.57	     0.66797
        1.58	     0.66426
        1.59	     0.66055
         1.6	     0.65681
        1.61	     0.65307
        1.62	     0.64932
        1.63	     0.64555
        1.64	     0.64177
        1.65	     0.63797
        1.66	     0.63417
        1.67	     0.63035
        1.68	     0.62652
        1.69	     0.62267
         1.7	     0.61882
        1.71	     0.61495
        1.72	     0.61108
        1.73	     0.60719
        1.74	     0.60329
        1.75	     0.59938
        1.76	     0.59545
        1.77	     0.59152
        1.78	     0.58757
        1.79	     0.58362
         1.8	     0.57965
        1.81	     0.57568
        1.82	     0.57169
        1.83	      0.5677
        1.84	     0.56369
        1.85	     0.55967
        1.86	     0.55565
        1.87	     0.55161
        1.88	     0.54757
        1.89	     0.54351
         1.9	     0.53945
        1.91	     0.53538
        1.92	      0.5313
        1.93	     0.52721
        1.94	     0.52311
        1.95	       0.519
        1.96	     0.51488
        1.97	     0.51076
        1.98	     0.50663
        1.99	     0.50249
           2	     0.49834
        2.01	     0.49418
        2.02	     0.49002
        2.03	     0.48584
        2.04	     0.48167
        2.05	     0.47748
        2.06	     0.47329
        2.07	     0.46908
        2.08	     0.46488
        2.09	     0.46066
         2.1	     0.45644
        2.11	     0.45221
        2.12	     0.44798
        2.13	     0.44374
        2.14	      0.4395
        2.15	     0.43524
        2.16	     0.43099
        2.17	     0.42672
        2.18	     0.42245
        2.19	     0.41818
         2.2	      0.4139
        2.21	     0.40961
        2.22	     0.40532
        2.23	     0.40103
        2.24	     0.39673
        2.25	     0.39242
        2.26	     0.38811
        2.27	      0.3838
        2.28	     0.37948
        2.29	     0.37516
         2.3	     0.37083
        2.31	      0.3665
        2.32	     0.36217
        2.33	     0.35783
        2.34	     0.35349
        2.35	     0.34914
        2.36	      0.3448
        2.37	     0.34044
        2.38	     0.33609
        2.39	     0.33173
         2.4	     0.32737
        2.41	     0.32301
        2.42	     0.31865
        2.43	     0.31428
        2.44	     0.30991
        2.45	     0.30554
        2.46	     0.30117
        2.47	     0.29679
        2.48	     0.29241
        2.49	     0.28803
         2.5	     0.28365
        2.51	     0.27927
        2.52	     0.27489
        2.53	     0.27051
        2.54	     0.26612
        2.55	     0.26173
        2.56	     0.25735
        2.57	     0.25296
        2.58	     0.24857
        2.59	     0.24418
         2.6	     0.23978
        2.61	     0.23539
        2.62	     0.23099
        2.63	      0.2266
        2.64	      0.2222
        2.65	      0.2178
        2.66	      0.2134
        2.67	       0.209
        2.68	     0.20459
        2.69	     0.20019
         2.7	     0.19578
        2.71	     0.19138
        2.72	     0.18697
        2.73	     0.18256
        2.74	     0.17815
        2.75	     0.17374
        2.76	     0.16932
        2.77	     0.16491
        2.78	      0.1605
        2.79	     0.15608
         2.8	     0.15166
        2.81	     0.14724
        2.82	     0.14282
        2.83	      0.1384
        2.84	     0.13398
        2.85	     0.12956
        2.86	     0.12513
        2.87	     0.12071
        2.88	     0.11628
        2.89	     0.11185
         2.9	     0.10742
        2.91	     0.10299
        2.92	    0.098564
        2.93	    0.094132
        2.94	    0.089699
        2.95	    0.085264
        2.96	    0.080829
        2.97	    0.076392
        2.98	    0.071955
        2.99	    0.067516
           3	    0.063076
        3.01	    0.058636
        3.02	    0.054194
        3.03	    0.049751
        3.04	    0.045307
        3.05	    0.040862
        3.06	    0.036416
        3.07	    0.031969
        3.08	    0.027521
        3.09	    0.023072
         3.1	    0.018622
        3.11	    0.014171
        3.12	   0.0097191
        3.13	    0.005266
        3.14	  0.00081201
        3.15	   -0.003643
        3.16	   -0.008099
        3.17	   -0.012556
        3.18	   -0.017014
        3.19	   -0.021473
         3.2	   -0.025933
        3.21	   -0.030393
        3.22	   -0.034855
        3.23	   -0.039318
        3.24	   -0.043782
        3.25	   -0.048246
        3.26	   -0.052712
        3.27	   -0.057178
        3.28	   -0.061645
        3.29	   -0.066114
         3.3	   -0.070583
        3.31	   -0.075053
        3.32	   -0.079524
        3.33	   -0.083996
        3.34	   -0.088468
        3.35	   -0.092942
        3.36	   -0.097416
        3.37	    -0.10189
        3.38	    -0.10637
        3.39	    -0.11084
         3.4	    -0.11532
        3.41	     -0.1198
        3.42	    -0.12428
        3.43	    -0.12876
        3.44	    -0.13324
        3.45	    -0.13772
        3.46	    -0.14221
        3.47	    -0.14669
        3.48	    -0.15118
        3.49	    -0.15566
         3.5	    -0.16015
        3.51	    -0.16463
        3.52	    -0.16912
        3.53	    -0.17361
        3.54	     -0.1781
        3.55	    -0.18259
        3.56	    -0.18708
        3.57	    -0.19157
        3.58	    -0.19606
        3.59	    -0.20056
         3.6	    -0.20505
        3.61	    -0.20955
        3.62	    -0.21404
        3.63	    -0.21854
        3.64	    -0.22303
        3.65	    -0.22753
        3.66	    -0.23203
        3.67	    -0.23653
        3.68	    -0.24103
        3.69	    -0.24553
         3.7	    -0.25003
        3.71	    -0.25453
        3.72	    -0.25903
        3.73	    -0.26354
        3.74	    -0.26804
        3.75	    -0.27254
        3.76	    -0.27705
        3.77	    -0.28156
        3.78	    -0.28606
        3.79	    -0.29057
         3.8	    -0.29508
        3.81	    -0.29958
        3.82	    -0.30409
        3.83	     -0.3086
        3.84	    -0.31311
        3.85	    -0.31762
        3.86	    -0.32214
        3.87	    -0.32665
        3.88	    -0.33116
        3.89	    -0.33567
         3.9	    -0.34019
        3.91	     -0.3447
        3.92	    -0.34922
        3.93	    -0.35373
        3.94	    -0.35825
        3.95	    -0.36276
        3.96	    -0.36728
        3.97	     -0.3718
        3.98	    -0.37632
        3.99	    -0.38084
           4	    -0.38536
        4.01	    -0.38988
        4.02	     -0.3944
        4.03	    -0.39892
        4.04	    -0.40344
        4.05	    -0.40796
        4.06	    -0.41248
        4.07	    -0.41701
        4.08	    -0.42153
        4.09	    -0.42605
         4.1	    -0.43058
        4.11	     -0.4351
        4.12	    -0.43963
        4.13	    -0.44415
        4.14	    -0.44868
        4.15	    -0.45321
        4.16	    -0.45773
        4.17	    -0.46226
        4.18	    -0.46679
        4.19	    -0.47132
         4.2	    -0.47585
        4.21	    -0.48038
        4.22	    -0.48491
        4.23	    -0.48944
        4.24	    -0.49397
        4.25	     -0.4985
        4.26	    -0.50303
        4.27	    -0.50756
        4.28	     -0.5121
        4.29	    -0.51663
         4.3	    -0.52116
        4.31	    -0.52569
        4.32	    -0.53023
        4.33	    -0.53476
        4.34	     -0.5393
        4.35	    -0.54383
        4.36	    -0.54837
        4.37	     -0.5529
        4.38	    -0.55744
        4.39	    -0.56197
         4.4	    -0.56651
        4.41	    -0.57105
        4.42	    -0.57558
        4.43	    -0.58012
        4.44	    -0.58466
        4.45	     -0.5892
        4.46	    -0.59374
        4.47	    -0.59827
        4.48	    -0.60281
        4.49	    -0.60735
         4.5	    -0.61189
        4.51	    -0.61643
        4.52	    -0.62097
        4.53	    -0.62551
        4.54	    -0.63005
        4.55	    -0.63459
        4.56	    -0.63913
        4.57	    -0.64367
        4.58	    -0.64822
        4.59	    -0.65276
         4.6	     -0.6573
        4.61	    -0.66184
        4.62	    -0.66638
        4.63	    -0.67093
        4.64	    -0.67547
        4.65	    -0.68001
        4.66	    -0.68455
        4.67	     -0.6891
        4.68	    -0.69364
        4.69	    -0.69818
         4.7	    -0.70273
        4.71	    -0.70727
        4.72	    -0.71182
        4.73	    -0.71636
        4.74	     -0.7209
        4.75	    -0.72545
        4.76	    -0.72999
        4.77	    -0.73454
        4.78	    -0.73908
        4.79	    -0.74363
         4.8	    -0.74817
        4.81	    -0.75272
        4.82	    -0.75726
        4.83	    -0.76181
        4.84	    -0.76635
        4.85	     -0.7709
        4.86	    -0.77545
        4.87	    -0.77999
        4.88	    -0.78454
        4.89	    -0.78908
         4.9	    -0.79363
        4.91	    -0.79817
        4.92	    -0.80272
        4.93	    -0.80727
        4.94	    -0.81181
        4.95	    -0.81636
        4.96	     -0.8209
        4.97	    -0.82545
        4.98	       -0.83
        4.99	    -0.83454
           5	    -0.83909


          -5	    -0.83907
       -4.99	    -0.82298
       -4.98	    -0.80689
       -4.97	    -0.79081
       -4.96	    -0.77473
       -4.95	    -0.75866
       -4.94	     -0.7426
       -4.93	    -0.72654
       -4.92	     -0.7105
       -4.91	    -0.69447
        -4.9	    -0.67845
       -4.89	    -0.66246
       -4.88	    -0.64648
       -4.87	    -0.63052
       -4.86	    -0.61458
       -4.85	    -0.59866
       -4.84	    -0.58277
       -4.83	    -0.56691
       -4.82	    -0.55108
       -4.81	    -0.53527
        -4.8	     -0.5195
       -4.79	    -0.50376
       -4.78	    -0.48805
       -4.77	    -0.47238
       -4.76	    -0.45675
       -4.75	    -0.44116
       -4.74	    -0.42561
       -4.73	     -0.4101
       -4.72	    -0.39464
       -4.71	    -0.37923
        -4.7	    -0.36386
       -4.69	    -0.34854
       -4.68	    -0.33328
       -4.67	    -0.31807
       -4.66	    -0.30291
       -4.65	    -0.28781
       -4.64	    -0.27276
       -4.63	    -0.25778
       -4.62	    -0.24286
       -4.61	      -0.228
        -4.6	    -0.21321
       -4.59	    -0.19848
       -4.58	    -0.18382
       -4.57	    -0.16923
       -4.56	    -0.15471
       -4.55	    -0.14026
       -4.54	    -0.12589
       -4.53	     -0.1116
       -4.52	   -0.097383
       -4.51	   -0.083246
        -4.5	   -0.069191
       -4.49	   -0.055219
       -4.48	   -0.041331
       -4.47	    -0.02753
       -4.46	   -0.013817
       -4.45	 -0.00019302
       -4.44	    0.013339
       -4.43	    0.026779
       -4.42	    0.040123
       -4.41	    0.053372
        -4.4	    0.066522
       -4.39	    0.079573
       -4.38	    0.092523
       -4.37	     0.10537
       -4.36	     0.11811
       -4.35	     0.13075
       -4.34	     0.14327
       -4.33	     0.15569
       -4.32	       0.168
       -4.31	     0.18019
        -4.3	     0.19227
       -4.29	     0.20424
       -4.28	     0.21608
       -4.27	     0.22781
       -4.26	     0.23941
       -4.25	      0.2509
       -4.24	     0.26225
       -4.23	     0.27348
       -4.22	     0.28459
       -4.21	     0.29556
        -4.2	      0.3064
       -4.19	     0.31711
       -4.18	     0.32769
       -4.17	     0.33813
       -4.16	     0.34843
       -4.15	     0.35859
       -4.14	     0.36861
       -4.13	     0.37849
       -4.12	     0.38823
       -4.11	     0.39781
        -4.1	     0.40725
       -4.09	     0.41654
       -4.08	     0.42568
       -4.07	     0.43467
       -4.06	      0.4435
       -4.05	     0.45218
       -4.04	      0.4607
       -4.03	     0.46905
       -4.02	     0.47725
       -4.01	     0.48529
          -4	     0.49316
       -3.99	     0.50086
       -3.98	      0.5084
       -3.97	     0.51577
       -3.96	     0.52296
       -3.95	     0.52999
       -3.94	     0.53684
       -3.93	     0.54351
       -3.92	     0.55001
       -3.91	     0.55632
        -3.9	     0.56246
       -3.89	     0.56841
       -3.88	     0.57418
       -3.87	     0.57977
       -3.86	     0.58516
       -3.85	     0.59037
       -3.84	     0.59538
       -3.83	     0.60021
       -3.82	     0.60483
       -3.81	     0.60927
        -3.8	      0.6135
       -3.79	     0.61754
       -3.78	     0.62137
       -3.77	       0.625
       -3.76	     0.62843
       -3.75	     0.63165
       -3.74	     0.63467
       -3.73	     0.63747
       -3.72	     0.64007
       -3.71	     0.64245
        -3.7	     0.64462
       -3.69	     0.64657
       -3.68	     0.64831
       -3.67	     0.64982
       -3.66	     0.65112
       -3.65	     0.65219
       -3.64	     0.65304
       -3.63	     0.65366
       -3.62	     0.65405
       -3.61	     0.65422
        -3.6	     0.65416
       -3.59	     0.65386
       -3.58	     0.65333
       -3.57	     0.65256
       -3.56	     0.65156
       -3.55	     0.65032
       -3.54	     0.64885
       -3.53	     0.64716
       -3.52	     0.64524
       -3.51	      0.6431
        -3.5	     0.64074
       -3.49	     0.63816
       -3.48	     0.63537
       -3.47	     0.63238
       -3.46	     0.62917
       -3.45	     0.62576
       -3.44	     0.62216
       -3.43	     0.61835
       -3.42	     0.61435
       -3.41	     0.61016
        -3.4	     0.60579
       -3.39	     0.60122
       -3.38	     0.59648
       -3.37	     0.59155
       -3.36	     0.58645
       -3.35	     0.58118
       -3.34	     0.57574
       -3.33	     0.57013
       -3.32	     0.56435
       -3.31	     0.55842
        -3.3	     0.55233
       -3.29	     0.54608
       -3.28	     0.53968
       -3.27	     0.53313
       -3.26	     0.52644
       -3.25	      0.5196
       -3.24	     0.51263
       -3.23	     0.50551
       -3.22	     0.49827
       -3.21	     0.49089
        -3.2	     0.48339
       -3.19	     0.47576
       -3.18	     0.46801
       -3.17	     0.46015
       -3.16	     0.45216
       -3.15	     0.44407
       -3.14	     0.43586
       -3.13	     0.42755
       -3.12	     0.41914
       -3.11	     0.41062
        -3.1	     0.40201
       -3.09	     0.39331
       -3.08	     0.38451
       -3.07	     0.37563
       -3.06	     0.36666
       -3.05	     0.35761
       -3.04	     0.34848
       -3.03	     0.33927
       -3.02	        0.33
       -3.01	     0.32065
          -3	     0.31123
       -2.99	     0.30175
       -2.98	     0.29222
       -2.97	     0.28262
       -2.96	     0.27297
       -2.95	     0.26326
       -2.94	     0.25351
       -2.93	     0.24372
       -2.92	     0.23388
       -2.91	       0.224
        -2.9	     0.21408
       -2.89	     0.20414
       -2.88	     0.19416
       -2.87	     0.18415
       -2.86	     0.17412
       -2.85	     0.16407
       -2.84	       0.154
       -2.83	     0.14392
       -2.82	     0.13382
       -2.81	     0.12371
        -2.8	      0.1136
       -2.79	     0.10349
       -2.78	    0.093372
       -2.77	    0.083261
       -2.76	    0.073155
       -2.75	    0.063059
       -2.74	    0.052975
       -2.73	    0.042906
       -2.72	    0.032856
       -2.71	    0.022827
        -2.7	    0.012822
       -2.69	   0.0028445
       -2.68	  -0.0071025
       -2.67	   -0.017016
       -2.66	   -0.026893
       -2.65	   -0.036731
       -2.64	   -0.046526
       -2.63	   -0.056275
       -2.62	   -0.065976
       -2.61	   -0.075625
        -2.6	   -0.085219
       -2.59	   -0.094756
       -2.58	    -0.10423
       -2.57	    -0.11364
       -2.56	    -0.12299
       -2.55	    -0.13226
       -2.54	    -0.14147
       -2.53	    -0.15059
       -2.52	    -0.15964
       -2.51	    -0.16861
        -2.5	    -0.17749
       -2.49	    -0.18628
       -2.48	    -0.19498
       -2.47	    -0.20359
       -2.46	     -0.2121
       -2.45	    -0.22051
       -2.44	    -0.22881
       -2.43	    -0.23701
       -2.42	     -0.2451
       -2.41	    -0.25308
        -2.4	    -0.26094
       -2.39	    -0.26869
       -2.38	    -0.27631
       -2.37	    -0.28381
       -2.36	    -0.29118
       -2.35	    -0.29842
       -2.34	    -0.30553
       -2.33	     -0.3125
       -2.32	    -0.31933
       -2.31	    -0.32601
        -2.3	    -0.33256
       -2.29	    -0.33895
       -2.28	    -0.34519
       -2.27	    -0.35128
       -2.26	     -0.3572
       -2.25	    -0.36297
       -2.24	    -0.36857
       -2.23	    -0.37401
       -2.22	    -0.37928
       -2.21	    -0.38437
        -2.2	    -0.38929
       -2.19	    -0.39402
       -2.18	    -0.39858
       -2.17	    -0.40295
       -2.16	    -0.40713
       -2.15	    -0.41112
       -2.14	    -0.41492
       -2.13	    -0.41852
       -2.12	    -0.42193
       -2.11	    -0.42514
        -2.1	    -0.42816
       -2.09	      -0.431
       -2.08	    -0.43365
       -2.07	    -0.43611
       -2.06	     -0.4384
       -2.05	     -0.4405
       -2.04	    -0.44242
       -2.03	    -0.44416
       -2.02	    -0.44573
       -2.01	    -0.44713
          -2	    -0.44835
       -1.99	    -0.44941
       -1.98	    -0.45029
       -1.97	    -0.45101
       -1.96	    -0.45157
       -1.95	    -0.45196
       -1.94	     -0.4522
       -1.93	    -0.45227
       -1.92	    -0.45219
       -1.91	    -0.45196
        -1.9	    -0.45157
       -1.89	    -0.45103
       -1.88	    -0.45034
       -1.87	    -0.44951
       -1.86	    -0.44853
       -1.85	    -0.44741
       -1.84	    -0.44614
       -1.83	    -0.44474
       -1.82	    -0.44319
       -1.81	    -0.44152
        -1.8	     -0.4397
       -1.79	    -0.43776
       -1.78	    -0.43569
       -1.77	    -0.43348
       -1.76	    -0.43116
       -1.75	     -0.4287
       -1.74	    -0.42613
       -1.73	    -0.42343
       -1.72	    -0.42061
       -1.71	    -0.41768
        -1.7	    -0.41463
       -1.69	    -0.41147
       -1.68	     -0.4082
       -1.67	    -0.40482
       -1.66	    -0.40133
       -1.65	    -0.39773
       -1.64	    -0.39403
       -1.63	    -0.39023
       -1.62	    -0.38633
       -1.61	    -0.38233
        -1.6	    -0.37823
       -1.59	    -0.37404
       -1.58	    -0.36976
       -1.57	    -0.36538
       -1.56	    -0.36092
       -1.55	    -0.35637
       -1.54	    -0.35174
       -1.53	    -0.34702
       -1.52	    -0.34222
       -1.51	    -0.33734
        -1.5	    -0.33238
       -1.49	    -0.32735
       -1.48	    -0.32224
       -1.47	    -0.31707
       -1.46	    -0.31182
       -1.45	     -0.3065
       -1.44	    -0.30112
       -1.43	    -0.29567
       -1.42	    -0.29016
       -1.41	    -0.28459
        -1.4	    -0.27896
       -1.39	    -0.27328
       -1.38	    -0.26754
       -1.37	    -0.26174
       -1.36	     -0.2559
       -1.35	       -0.25
       -1.34	    -0.24406
       -1.33	    -0.23807
       -1.32	    -0.23204
       -1.31	    -0.22597
        -1.3	    -0.21986
       -1.29	    -0.21371
       -1.28	    -0.20752
       -1.27	     -0.2013
       -1.26	    -0.19504
       -1.25	    -0.18876
       -1.24	    -0.18244
       -1.23	     -0.1761
       -1.22	    -0.16974
       -1.21	    -0.16335
        -1.2	    -0.15694
       -1.19	    -0.15051
       -1.18	    -0.14406
       -1.17	     -0.1376
       -1.16	    -0.13113
       -1.15	    -0.12464
       -1.14	    -0.11814
       -1.13	    -0.11164
       -1.12	    -0.10512
       -1.11	   -0.098609
        -1.1	   -0.092091
       -1.09	   -0.085572
       -1.08	   -0.079055
       -1.07	   -0.072541
       -1.06	   -0.066032
       -1.05	    -0.05953
       -1.04	   -0.053037
       -1.03	   -0.046554
       -1.02	   -0.040085
       -1.01	    -0.03363
    -0.99998	   -0.027191
    -0.98998	    -0.02077
    -0.97998	    -0.01437
    -0.96998	  -0.0079917
    -0.95998	  -0.0016374
    -0.94998	   0.0046912
    -0.93998	    0.010992
    -0.92998	    0.017263
    -0.91998	    0.023503
    -0.90998	     0.02971
    -0.89998	    0.035881
    -0.88998	    0.042016
    -0.87998	    0.048111
    -0.86998	    0.054166
    -0.85998	    0.060177
    -0.84998	    0.066145
    -0.83998	    0.072066
    -0.82998	    0.077938
    -0.81998	     0.08376
    -0.80998	     0.08953
    -0.79998	    0.095246
    -0.78998	     0.10091
    -0.77998	     0.10651
    -0.76998	     0.11205
    -0.75998	     0.11753
    -0.74998	     0.12295
    -0.73998	      0.1283
    -0.72998	     0.13359
    -0.71998	     0.13881
    -0.70998	     0.14395
    -0.69998	     0.14903
    -0.68998	     0.15403
    -0.67998	     0.15896
    -0.66998	     0.16382
    -0.65998	      0.1686
    -0.64998	     0.17332
    -0.63998	     0.17796
    -0.62998	     0.18253
    -0.61998	     0.18703
    -0.60998	     0.19145
    -0.59998	     0.19581
    -0.58998	     0.20009
    -0.57998	      0.2043
    -0.56998	     0.20844
    -0.55998	      0.2125
    -0.54998	      0.2165
    -0.53998	     0.22042
    -0.52998	     0.22427
    -0.51998	     0.22805
    -0.50998	     0.23175
    -0.49998	     0.23539
    -0.48998	     0.23895
    -0.47998	     0.24244
    -0.46998	     0.24586
    -0.45998	     0.24921
    -0.44998	     0.25248
    -0.43998	     0.25568
    -0.42998	     0.25881
    -0.41998	     0.26187
    -0.40998	     0.26486
    -0.39998	     0.26777
    -0.38998	     0.27062
    -0.37998	     0.27339
    -0.36998	     0.27609
    -0.35998	     0.27871
    -0.34998	     0.28127
    -0.33998	     0.28375
    -0.32998	     0.28616
    -0.31998	      0.2885
    -0.30998	     0.29077
    -0.29998	     0.29296
    -0.28998	     0.29508
    -0.27998	     0.29714
    -0.26998	     0.29911
    -0.25998	     0.30102
    -0.24998	     0.30286
    -0.23998	     0.30462
    -0.22998	     0.30631
    -0.21998	     0.30793
    -0.20998	     0.30948
    -0.19998	     0.31095
    -0.18998	     0.31236
    -0.17998	     0.31369
    -0.16998	     0.31495
    -0.15998	     0.31613
    -0.14998	     0.31725
    -0.13998	     0.31829
    -0.12998	     0.31926
    -0.11998	     0.32016
    -0.10998	     0.32099
   -0.099981	     0.32175
   -0.089981	     0.32243
   -0.079981	     0.32304
   -0.069981	     0.32358
   -0.059981	     0.32405
   -0.049981	     0.32445
   -0.039981	     0.32477
   -0.029981	     0.32502
   -0.019981	      0.3252
  -0.0099809	     0.32531
  1.9133e-05	     0.32534
    0.010019	     0.32531
    0.020019	      0.3252
    0.030019	     0.32502
    0.040019	     0.32477
    0.050019	     0.32444
    0.060019	     0.32405
    0.070019	     0.32358
    0.080019	     0.32304
    0.090019	     0.32243
     0.10002	     0.32174
     0.11002	     0.32099
     0.12002	     0.32016
     0.13002	     0.31926
     0.14002	     0.31829
     0.15002	     0.31725
     0.16002	     0.31613
     0.17002	     0.31494
     0.18002	     0.31368
     0.19002	     0.31235
     0.20002	     0.31095
     0.21002	     0.30947
     0.22002	     0.30792
     0.23002	      0.3063
     0.24002	     0.30461
     0.25002	     0.30285
     0.26002	     0.30101
     0.27002	     0.29911
     0.28002	     0.29713
     0.29002	     0.29508
     0.30002	     0.29295
     0.31002	     0.29076
     0.32002	     0.28849
     0.33002	     0.28615
     0.34002	     0.28374
     0.35002	     0.28126
     0.36002	      0.2787
     0.37002	     0.27608
     0.38002	     0.27338
     0.39002	      0.2706
     0.40002	     0.26776
     0.41002	     0.26485
     0.42002	     0.26186
     0.43002	      0.2588
     0.44002	     0.25567
     0.45002	     0.25247
     0.46002	     0.24919
     0.47002	     0.24585
     0.48002	     0.24243
     0.49002	     0.23894
     0.50002	     0.23537
     0.51002	     0.23174
     0.52002	     0.22803
     0.53002	     0.22425
     0.54002	      0.2204
     0.55002	     0.21648
     0.56002	     0.21249
     0.57002	     0.20842
     0.58002	     0.20428
     0.59002	     0.20007
     0.60002	     0.19579
     0.61002	     0.19143
     0.62002	     0.18701
     0.63002	     0.18251
     0.64002	     0.17794
     0.65002	      0.1733
     0.66002	     0.16858
     0.67002	      0.1638
     0.68002	     0.15894
     0.69002	     0.15401
     0.70002	     0.14901
     0.71002	     0.14393
     0.72002	     0.13879
     0.73002	     0.13357
     0.74002	     0.12828
     0.75002	     0.12293
     0.76002	     0.11751
     0.77002	     0.11203
     0.78002	     0.10649
     0.79002	     0.10089
     0.80002	    0.095225
     0.81002	    0.089508
     0.82002	    0.083738
     0.83002	    0.077916
     0.84002	    0.072043
     0.85002	    0.066122
     0.86002	    0.060155
     0.87002	    0.054143
     0.88002	    0.048088
     0.89002	    0.041993
     0.90002	    0.035858
     0.91002	    0.029687
     0.92002	     0.02348
     0.93002	     0.01724
     0.94002	    0.010968
     0.95002	   0.0046673
     0.96002	  -0.0016613
     0.97002	  -0.0080158
     0.98002	   -0.014394
     0.99002	   -0.020795
           1	   -0.027215
        1.01	   -0.033654
        1.02	   -0.040109
        1.03	   -0.046579
        1.04	   -0.053061
        1.05	   -0.059554
        1.06	   -0.066056
        1.07	   -0.072565
        1.08	   -0.079079
        1.09	   -0.085597
         1.1	   -0.092115
        1.11	   -0.098634
        1.12	    -0.10515
        1.13	    -0.11166
        1.14	    -0.11817
        1.15	    -0.12466
        1.16	    -0.13115
        1.17	    -0.13763
        1.18	    -0.14409
        1.19	    -0.15053
         1.2	    -0.15696
        1.21	    -0.16337
        1.22	    -0.16976
        1.23	    -0.17613
        1.24	    -0.18247
        1.25	    -0.18878
        1.26	    -0.19507
        1.27	    -0.20132
        1.28	    -0.20754
        1.29	    -0.21373
         1.3	    -0.21988
        1.31	    -0.22599
        1.32	    -0.23207
        1.33	     -0.2381
        1.34	    -0.24408
        1.35	    -0.25003
        1.36	    -0.25592
        1.37	    -0.26177
        1.38	    -0.26756
        1.39	     -0.2733
         1.4	    -0.27899
        1.41	    -0.28461
        1.42	    -0.29018
        1.43	    -0.29569
        1.44	    -0.30114
        1.45	    -0.30652
        1.46	    -0.31184
        1.47	    -0.31709
        1.48	    -0.32226
        1.49	    -0.32737
         1.5	     -0.3324
        1.51	    -0.33736
        1.52	    -0.34224
        1.53	    -0.34703
        1.54	    -0.35175
        1.55	    -0.35639
        1.56	    -0.36094
        1.57	     -0.3654
        1.58	    -0.36977
        1.59	    -0.37406
         1.6	    -0.37825
        1.61	    -0.38234
        1.62	    -0.38634
        1.63	    -0.39024
        1.64	    -0.39404
        1.65	    -0.39774
        1.66	    -0.40134
        1.67	    -0.40483
        1.68	    -0.40821
        1.69	    -0.41148
         1.7	    -0.41464
        1.71	    -0.41769
        1.72	    -0.42062
        1.73	    -0.42344
        1.74	    -0.42613
        1.75	    -0.42871
        1.76	    -0.43116
        1.77	    -0.43349
        1.78	    -0.43569
        1.79	    -0.43777
         1.8	    -0.43971
        1.81	    -0.44152
        1.82	     -0.4432
        1.83	    -0.44474
        1.84	    -0.44615
        1.85	    -0.44741
        1.86	    -0.44853
        1.87	    -0.44951
        1.88	    -0.45035
        1.89	    -0.45103
         1.9	    -0.45157
        1.91	    -0.45196
        1.92	    -0.45219
        1.93	    -0.45227
        1.94	     -0.4522
        1.95	    -0.45196
        1.96	    -0.45157
        1.97	    -0.45101
        1.98	    -0.45029
        1.99	     -0.4494
           2	    -0.44835
        2.01	    -0.44712
        2.02	    -0.44572
        2.03	    -0.44415
        2.04	    -0.44241
        2.05	    -0.44049
        2.06	    -0.43839
        2.07	     -0.4361
        2.08	    -0.43364
        2.09	    -0.43099
         2.1	    -0.42815
        2.11	    -0.42513
        2.12	    -0.42191
        2.13	    -0.41851
        2.14	     -0.4149
        2.15	    -0.41111
        2.16	    -0.40712
        2.17	    -0.40293
        2.18	    -0.39856
        2.19	    -0.39401
         2.2	    -0.38927
        2.21	    -0.38435
        2.22	    -0.37926
        2.23	    -0.37399
        2.24	    -0.36855
        2.25	    -0.36295
        2.26	    -0.35718
        2.27	    -0.35125
        2.28	    -0.34517
        2.29	    -0.33892
         2.3	    -0.33253
        2.31	    -0.32599
        2.32	     -0.3193
        2.33	    -0.31247
        2.34	     -0.3055
        2.35	    -0.29839
        2.36	    -0.29115
        2.37	    -0.28378
        2.38	    -0.27628
        2.39	    -0.26866
         2.4	    -0.26091
        2.41	    -0.25305
        2.42	    -0.24507
        2.43	    -0.23698
        2.44	    -0.22878
        2.45	    -0.22047
        2.46	    -0.21206
        2.47	    -0.20355
        2.48	    -0.19495
        2.49	    -0.18625
         2.5	    -0.17745
        2.51	    -0.16857
        2.52	    -0.15961
        2.53	    -0.15056
        2.54	    -0.14143
        2.55	    -0.13223
        2.56	    -0.12295
        2.57	    -0.11361
        2.58	     -0.1042
        2.59	   -0.094719
         2.6	   -0.085183
        2.61	   -0.075588
        2.62	   -0.065939
        2.63	   -0.056238
        2.64	   -0.046488
        2.65	   -0.036693
        2.66	   -0.026855
        2.67	   -0.016978
        2.68	  -0.0070644
        2.69	   0.0028827
         2.7	     0.01286
        2.71	    0.022865
        2.72	    0.032894
        2.73	    0.042945
        2.74	    0.053014
        2.75	    0.063098
        2.76	    0.073194
        2.77	    0.083299
        2.78	    0.093411
        2.79	     0.10353
         2.8	     0.11364
        2.81	     0.12375
        2.82	     0.13386
        2.83	     0.14395
        2.84	     0.15404
        2.85	     0.16411
        2.86	     0.17416
        2.87	     0.18419
        2.88	      0.1942
        2.89	     0.20417
         2.9	     0.21412
        2.91	     0.22404
        2.92	     0.23392
        2.93	     0.24375
        2.94	     0.25355
        2.95	      0.2633
        2.96	       0.273
        2.97	     0.28266
        2.98	     0.29225
        2.99	     0.30179
           3	     0.31127
        3.01	     0.32068
        3.02	     0.33003
        3.03	     0.33931
        3.04	     0.34851
        3.05	     0.35764
        3.06	     0.36669
        3.07	     0.37566
        3.08	     0.38455
        3.09	     0.39334
         3.1	     0.40205
        3.11	     0.41066
        3.12	     0.41917
        3.13	     0.42758
        3.14	     0.43589
        3.15	      0.4441
        3.16	     0.45219
        3.17	     0.46018
        3.18	     0.46804
        3.19	     0.47579
         3.2	     0.48342
        3.21	     0.49092
        3.22	      0.4983
        3.23	     0.50554
        3.24	     0.51265
        3.25	     0.51963
        3.26	     0.52646
        3.27	     0.53316
        3.28	      0.5397
        3.29	      0.5461
         3.3	     0.55235
        3.31	     0.55844
        3.32	     0.56438
        3.33	     0.57015
        3.34	     0.57576
        3.35	      0.5812
        3.36	     0.58647
        3.37	     0.59157
        3.38	      0.5965
        3.39	     0.60124
         3.4	      0.6058
        3.41	     0.61018
        3.42	     0.61437
        3.43	     0.61837
        3.44	     0.62217
        3.45	     0.62578
        3.46	     0.62918
        3.47	     0.63239
        3.48	     0.63538
        3.49	     0.63817
         3.5	     0.64075
        3.51	      0.6431
        3.52	     0.64525
        3.53	     0.64716
        3.54	     0.64886
        3.55	     0.65033
        3.56	     0.65156
        3.57	     0.65256
        3.58	     0.65333
        3.59	     0.65386
         3.6	     0.65416
        3.61	     0.65422
        3.62	     0.65405
        3.63	     0.65366
        3.64	     0.65303
        3.65	     0.65219
        3.66	     0.65111
        3.67	     0.64982
        3.68	      0.6483
        3.69	     0.64656
         3.7	     0.64461
        3.71	     0.64244
        3.72	     0.64006
        3.73	     0.63746
        3.74	     0.63466
        3.75	     0.63164
        3.76	     0.62842
        3.77	     0.62499
        3.78	     0.62136
        3.79	     0.61752
         3.8	     0.61349
        3.81	     0.60925
        3.82	     0.60482
        3.83	     0.60019
        3.84	     0.59536
        3.85	     0.59035
        3.86	     0.58514
        3.87	     0.57974
        3.88	     0.57416
        3.89	     0.56839
         3.9	     0.56244
        3.91	      0.5563
        3.92	     0.54998
        3.93	     0.54349
        3.94	     0.53681
        3.95	     0.52996
        3.96	     0.52294
        3.97	     0.51574
        3.98	     0.50837
        3.99	     0.50083
           4	     0.49313
        4.01	     0.48526
        4.02	     0.47722
        4.03	     0.46902
        4.04	     0.46066
        4.05	     0.45214
        4.06	     0.44347
        4.07	     0.43463
        4.08	     0.42565
        4.09	     0.41651
         4.1	     0.40722
        4.11	     0.39778
        4.12	     0.38819
        4.13	     0.37845
        4.14	     0.36857
        4.15	     0.35855
        4.16	     0.34839
        4.17	     0.33809
        4.18	     0.32765
        4.19	     0.31707
         4.2	     0.30636
        4.21	     0.29552
        4.22	     0.28454
        4.23	     0.27344
        4.24	     0.26221
        4.25	     0.25085
        4.26	     0.23937
        4.27	     0.22776
        4.28	     0.21604
        4.29	     0.20419
         4.3	     0.19223
        4.31	     0.18015
        4.32	     0.16795
        4.33	     0.15565
        4.34	     0.14323
        4.35	      0.1307
        4.36	     0.11806
        4.37	     0.10532
        4.38	    0.092473
        4.39	    0.079522
         4.4	    0.066471
        4.41	     0.05332
        4.42	    0.040072
        4.43	    0.026727
        4.44	    0.013287
        4.45	 -0.00024589
        4.46	    -0.01387
        4.47	   -0.027584
        4.48	   -0.041385
        4.49	   -0.055273
         4.5	   -0.069246
        4.51	   -0.083301
        4.52	   -0.097438
        4.53	    -0.11165
        4.54	    -0.12595
        4.55	    -0.14032
        4.56	    -0.15477
        4.57	    -0.16929
        4.58	    -0.18388
        4.59	    -0.19854
         4.6	    -0.21326
        4.61	    -0.22806
        4.62	    -0.24292
        4.63	    -0.25784
        4.64	    -0.27282
        4.65	    -0.28787
        4.66	    -0.30297
        4.67	    -0.31813
        4.68	    -0.33334
        4.69	     -0.3486
         4.7	    -0.36392
        4.71	    -0.37929
        4.72	     -0.3947
        4.73	    -0.41017
        4.74	    -0.42567
        4.75	    -0.44122
        4.76	    -0.45681
        4.77	    -0.47244
        4.78	    -0.48811
        4.79	    -0.50382
         4.8	    -0.51956
        4.81	    -0.53533
        4.82	    -0.55114
        4.83	    -0.56697
        4.84	    -0.58284
        4.85	    -0.59873
        4.86	    -0.61464
        4.87	    -0.63058
        4.88	    -0.64654
        4.89	    -0.66252
         4.9	    -0.67852
        4.91	    -0.69453
        4.92	    -0.71056
        4.93	     -0.7266
        4.94	    -0.74266
        4.95	    -0.75872
        4.96	    -0.77479
        4.97	    -0.79087
        4.98	    -0.80696
        4.99	    -0.82305
           5	    -0.83913


          -5	    -0.83907
       -4.99	    -0.84462
       -4.98	    -0.85016
       -4.97	    -0.85568
       -4.96	    -0.86118
       -4.95	    -0.86663
       -4.94	    -0.87203
       -4.93	    -0.87738
       -4.92	    -0.88265
       -4.91	    -0.88785
        -4.9	    -0.89295
       -4.89	    -0.89796
       -4.88	    -0.90286
       -4.87	    -0.90764
       -4.86	     -0.9123
       -4.85	    -0.91681
       -4.84	    -0.92118
       -4.83	    -0.92539
       -4.82	    -0.92943
       -4.81	    -0.93329
        -4.8	    -0.93697
       -4.79	    -0.94045
       -4.78	    -0.94372
       -4.77	    -0.94677
       -4.76	     -0.9496
       -4.75	    -0.95219
       -4.74	    -0.95453
       -4.73	    -0.95662
       -4.72	    -0.95844
       -4.71	    -0.95999
        -4.7	    -0.96124
       -4.69	    -0.96221
       -4.68	    -0.96286
       -4.67	     -0.9632
       -4.66	    -0.96322
       -4.65	     -0.9629
       -4.64	    -0.96223
       -4.63	    -0.96121
       -4.62	    -0.95983
       -4.61	    -0.95806
        -4.6	    -0.95592
       -4.59	    -0.95338
       -4.58	    -0.95043
       -4.57	    -0.94707
       -4.56	    -0.94329
       -4.55	    -0.93907
       -4.54	    -0.93441
       -4.53	    -0.92929
       -4.52	    -0.92371
       -4.51	    -0.91766
        -4.5	    -0.91112
       -4.49	     -0.9041
       -4.48	    -0.89658
       -4.47	     -0.8886
       -4.46	    -0.88014
       -4.45	    -0.87123
       -4.44	    -0.86188
       -4.43	    -0.85208
       -4.42	    -0.84186
       -4.41	    -0.83121
        -4.4	    -0.82015
       -4.39	    -0.80869
       -4.38	    -0.79684
       -4.37	    -0.78461
       -4.36	      -0.772
       -4.35	    -0.75902
       -4.34	    -0.74569
       -4.33	    -0.73201
       -4.32	    -0.71799
       -4.31	    -0.70364
        -4.3	    -0.68898
       -4.29	      -0.674
       -4.28	    -0.65872
       -4.27	    -0.64315
       -4.26	    -0.62729
       -4.25	    -0.61116
       -4.24	    -0.59476
       -4.23	    -0.57811
       -4.22	    -0.56122
       -4.21	    -0.54408
        -4.2	    -0.52671
       -4.19	    -0.50913
       -4.18	    -0.49134
       -4.17	    -0.47334
       -4.16	    -0.45515
       -4.15	    -0.43678
       -4.14	    -0.41824
       -4.13	    -0.39953
       -4.12	    -0.38066
       -4.11	    -0.36165
        -4.1	     -0.3425
       -4.09	    -0.32322
       -4.08	    -0.30382
       -4.07	    -0.28432
       -4.06	    -0.26471
       -4.05	    -0.24501
       -4.04	    -0.22523
       -4.03	    -0.20537
       -4.02	    -0.18545
       -4.01	    -0.16548
          -4	    -0.14545
       -3.99	     -0.1254
       -3.98	    -0.10531
       -3.97	   -0.085197
       -3.96	    -0.06507
       -3.95	   -0.044935
       -3.94	   -0.024799
       -3.93	  -0.0046688
       -3.92	    0.015449
       -3.91	    0.035546
        -3.9	    0.055616
       -3.89	    0.075651
       -3.88	    0.095645
       -3.87	     0.11559
       -3.86	     0.13548
       -3.85	      0.1553
       -3.84	     0.17506
       -3.83	     0.19474
       -3.82	     0.21433
       -3.81	     0.23383
        -3.8	     0.25324
       -3.79	     0.27254
       -3.78	     0.29172
       -3.77	     0.31078
       -3.76	     0.32972
       -3.75	     0.34852
       -3.74	     0.36718
       -3.73	     0.38569
       -3.72	     0.40405
       -3.71	     0.42224
        -3.7	     0.44026
       -3.69	     0.45811
       -3.68	     0.47577
       -3.67	     0.49324
       -3.66	     0.51051
       -3.65	     0.52757
       -3.64	     0.54442
       -3.63	     0.56105
       -3.62	     0.57745
       -3.61	     0.59362
        -3.6	     0.60954
       -3.59	     0.62522
       -3.58	     0.64064
       -3.57	      0.6558
       -3.56	     0.67069
       -3.55	      0.6853
       -3.54	     0.69962
       -3.53	     0.71365
       -3.52	     0.72739
       -3.51	     0.74082
        -3.5	     0.75393
       -3.49	     0.76673
       -3.48	      0.7792
       -3.47	     0.79135
       -3.46	     0.80317
       -3.45	     0.81466
       -3.44	     0.82583
       -3.43	     0.83666
       -3.42	     0.84715
       -3.41	     0.85732
        -3.4	     0.86714
       -3.39	     0.87662
       -3.38	     0.88576
       -3.37	     0.89456
       -3.36	     0.90301
       -3.35	     0.91111
       -3.34	     0.91886
       -3.33	     0.92626
       -3.32	     0.93331
       -3.31	        0.94
        -3.3	     0.94633
       -3.29	     0.95231
       -3.28	     0.95792
       -3.27	     0.96317
       -3.26	     0.96805
       -3.25	     0.97256
       -3.24	     0.97671
       -3.23	     0.98048
       -3.22	     0.98388
       -3.21	      0.9869
        -3.2	     0.98955
       -3.19	     0.99182
       -3.18	      0.9937
       -3.17	      0.9952
       -3.16	     0.99632
       -3.15	     0.99705
       -3.14	     0.99739
       -3.13	     0.99734
       -3.12	     0.99689
       -3.11	     0.99605
        -3.1	     0.99481
       -3.09	     0.99318
       -3.08	     0.99114
       -3.07	      0.9887
       -3.06	     0.98585
       -3.05	      0.9826
       -3.04	     0.97894
       -3.03	     0.97486
       -3.02	     0.97038
       -3.01	     0.96548
          -3	     0.96016
       -2.99	     0.95442
       -2.98	     0.94827
       -2.97	     0.94172
       -2.96	     0.93476
       -2.95	     0.92741
       -2.94	     0.91967
       -2.93	     0.91154
       -2.92	     0.90304
       -2.91	     0.89417
        -2.9	     0.88493
       -2.89	     0.87533
       -2.88	     0.86538
       -2.87	     0.85508
       -2.86	     0.84444
       -2.85	     0.83346
       -2.84	     0.82215
       -2.83	     0.81052
       -2.82	     0.79857
       -2.81	     0.78631
        -2.8	     0.77374
       -2.79	     0.76087
       -2.78	     0.74771
       -2.77	     0.73425
       -2.76	     0.72052
       -2.75	     0.70651
       -2.74	     0.69223
       -2.73	     0.67768
       -2.72	     0.66287
       -2.71	     0.64781
        -2.7	     0.63251
       -2.69	     0.61696
       -2.68	     0.60118
       -2.67	     0.58517
       -2.66	     0.56893
       -2.65	     0.55248
       -2.64	     0.53581
       -2.63	     0.51894
       -2.62	     0.50188
       -2.61	     0.48461
        -2.6	     0.46716
       -2.59	     0.44953
       -2.58	     0.43172
       -2.57	     0.41374
       -2.56	      0.3956
       -2.55	      0.3773
       -2.54	     0.35884
       -2.53	     0.34024
       -2.52	      0.3215
       -2.51	     0.30263
        -2.5	     0.28362
       -2.49	      0.2645
       -2.48	     0.24526
       -2.47	     0.22591
       -2.46	     0.20646
       -2.45	     0.18693
       -2.44	     0.16731
       -2.43	     0.14762
       -2.42	     0.12786
       -2.41	     0.10805
        -2.4	    0.088182
       -2.39	    0.068277
       -2.38	    0.048338
       -2.37	    0.028374
       -2.36	   0.0083926
       -2.35	   -0.011597
       -2.34	   -0.031588
       -2.33	   -0.051571
       -2.32	   -0.071539
       -2.31	   -0.091483
        -2.3	     -0.1114
       -2.29	    -0.13127
       -2.28	    -0.15109
       -2.27	    -0.17086
       -2.26	    -0.19056
       -2.25	     -0.2102
       -2.24	    -0.22975
       -2.23	    -0.24921
       -2.22	    -0.26858
       -2.21	    -0.28784
        -2.2	    -0.30698
       -2.19	    -0.32601
       -2.18	    -0.34491
       -2.17	    -0.36367
       -2.16	    -0.38228
       -2.15	    -0.40074
       -2.14	    -0.41904
       -2.13	    -0.43717
       -2.12	    -0.45512
       -2.11	    -0.47288
        -2.1	    -0.49045
       -2.09	    -0.50782
       -2.08	    -0.52498
       -2.07	    -0.54192
       -2.06	    -0.55863
       -2.05	     -0.5751
       -2.04	    -0.59134
       -2.03	    -0.60732
       -2.02	    -0.62304
       -2.01	     -0.6385
          -2	    -0.65367
       -1.99	    -0.66857
       -1.98	    -0.68318
       -1.97	     -0.6975
       -1.96	    -0.71153
       -1.95	    -0.72526
       -1.94	    -0.73869
       -1.93	    -0.75183
       -1.92	    -0.76466
       -1.91	    -0.77718
        -1.9	    -0.78939
       -1.89	    -0.80129
       -1.88	    -0.81287
       -1.87	    -0.82413
       -1.86	    -0.83507
       -1.85	    -0.84569
       -1.84	    -0.85598
       -1.83	    -0.86594
       -1.82	    -0.87556
       -1.81	    -0.88485
        -1.8	     -0.8938
       -1.79	    -0.90241
       -1.78	    -0.91067
       -1.77	    -0.91858
       -1.76	    -0.92615
       -1.75	    -0.93336
       -1.74	    -0.94021
       -1.73	     -0.9467
       -1.72	    -0.95283
       -1.71	    -0.95859
        -1.7	    -0.96399
       -1.69	    -0.96901
       -1.68	    -0.97366
       -1.67	    -0.97793
       -1.66	    -0.98182
       -1.65	    -0.98533
       -1.64	    -0.98846
       -1.63	    -0.99119
       -1.62	    -0.99353
       -1.61	    -0.99548
        -1.6	    -0.99703
       -1.59	    -0.99817
       -1.58	    -0.99892
       -1.57	    -0.99925
       -1.56	    -0.99918
       -1.55	     -0.9987
       -1.54	     -0.9978
       -1.53	    -0.99648
       -1.52	    -0.99474
       -1.51	    -0.99258
        -1.5	    -0.98999
       -1.49	    -0.98697
       -1.48	    -0.98352
       -1.47	    -0.97966
       -1.46	    -0.97538
       -1.45	    -0.97069
       -1.44	     -0.9656
       -1.43	     -0.9601
       -1.42	    -0.95421
       -1.41	    -0.94793
        -1.4	    -0.94127
       -1.39	    -0.93422
       -1.38	     -0.9268
       -1.37	    -0.91901
       -1.36	    -0.91086
       -1.35	    -0.90234
       -1.34	    -0.89347
       -1.33	    -0.88425
       -1.32	    -0.87468
       -1.31	    -0.86478
        -1.3	    -0.85453
       -1.29	    -0.84396
       -1.28	    -0.83307
       -1.27	    -0.82185
       -1.26	    -0.81031
       -1.25	    -0.79847
       -1.24	    -0.78632
       -1.23	    -0.77387
       -1.22	    -0.76113
       -1.21	    -0.74809
        -1.2	    -0.73477
       -1.19	    -0.72117
       -1.18	     -0.7073
       -1.17	    -0.69315
       -1.16	    -0.67874
       -1.15	    -0.66407
       -1.14	    -0.64914
       -1.13	    -0.63396
       -1.12	    -0.61854
       -1.11	    -0.60287
        -1.1	    -0.58697
       -1.09	    -0.57084
       -1.08	    -0.55448
       -1.07	    -0.53791
       -1.06	    -0.52111
       -1.05	    -0.50411
       -1.04	     -0.4869
       -1.03	    -0.46949
       -1.02	    -0.45189
       -1.01	    -0.43409
    -0.99998	    -0.41611
    -0.98998	    -0.39795
    -0.97998	    -0.37962
    -0.96998	    -0.36112
    -0.95998	    -0.34246
    -0.94998	    -0.32366
    -0.93998	    -0.30472
    -0.92998	    -0.28565
    -0.91998	    -0.26646
    -0.90998	    -0.24715
    -0.89998	    -0.22773
    -0.88998	    -0.20822
    -0.87998	    -0.18862
    -0.86998	    -0.16894
    -0.85998	    -0.14918
    -0.84998	    -0.12936
    -0.83998	    -0.10949
    -0.82998	   -0.089566
    -0.81998	   -0.069603
    -0.80998	   -0.049609
    -0.79998	   -0.029592
    -0.78998	  -0.0095612
    -0.77998	    0.010476
    -0.76998	    0.030512
    -0.75998	    0.050537
    -0.74998	    0.070543
    -0.73998	    0.090523
    -0.72998	     0.11047
    -0.71998	     0.13037
    -0.70998	     0.15022
    -0.69998	        0.17
    -0.68998	     0.18972
    -0.67998	     0.20937
    -0.66998	     0.22893
    -0.65998	     0.24839
    -0.64998	     0.26775
    -0.63998	     0.28701
    -0.62998	     0.30614
    -0.61998	     0.32515
    -0.60998	     0.34402
    -0.59998	     0.36275
    -0.58998	     0.38133
    -0.57998	     0.39974
    -0.56998	     0.41799
    -0.55998	     0.43607
    -0.54998	     0.45396
    -0.53998	     0.47165
    -0.52998	     0.48915
    -0.51998	     0.50643
    -0.50998	     0.52349
    -0.49998	     0.54033
    -0.48998	     0.55694
    -0.47998	     0.57331
    -0.46998	     0.58943
    -0.45998	     0.60531
    -0.44998	     0.62094
    -0.43998	     0.63631
    -0.42998	     0.65142
    -0.41998	     0.66627
    -0.40998	     0.68086
    -0.39998	     0.69517
    -0.38998	     0.70921
    -0.37998	     0.72297
    -0.36998	     0.73645
    -0.35998	     0.74964
    -0.34998	     0.76254
    -0.33998	     0.77515
    -0.32998	     0.78746
    -0.31998	     0.79946
    -0.30998	     0.81116
    -0.29998	     0.82255
    -0.28998	     0.83362
    -0.27998	     0.84438
    -0.26998	     0.85481
    -0.25998	     0.86492
    -0.24998	      0.8747
    -0.23998	     0.88414
    -0.22998	     0.89324
    -0.21998	       0.902
    -0.20998	     0.91041
    -0.19998	     0.91848
    -0.18998	     0.92619
    -0.17998	     0.93354
    -0.16998	     0.94052
    -0.15998	     0.94715
    -0.14998	      0.9534
    -0.13998	     0.95927
    -0.12998	     0.96477
    -0.11998	     0.96989
    -0.10998	     0.97462
   -0.099981	     0.97896
   -0.089981	      0.9829
   -0.079981	     0.98645
   -0.069981	     0.98959
   -0.059981	     0.99233
   -0.049981	     0.99466
   -0.039981	     0.99657
   -0.029981	     0.99807
   -0.019981	     0.99914
  -0.0099809	     0.99978
  1.9133e-05	           1
    0.010019	     0.99978
    0.020019	     0.99914
    0.030019	     0.99806
    0.040019	     0.99656
    0.050019	     0.99465
    0.060019	     0.99232
    0.070019	     0.98958
    0.080019	     0.98644
    0.090019	     0.98289
     0.10002	     0.97894
     0.11002	      0.9746
     0.12002	     0.96987
     0.13002	     0.96475
     0.14002	     0.95925
     0.15002	     0.95337
     0.16002	     0.94712
     0.17002	      0.9405
     0.18002	     0.93351
     0.19002	     0.92616
     0.20002	     0.91845
     0.21002	     0.91038
     0.22002	     0.90197
     0.23002	     0.89321
     0.24002	      0.8841
     0.25002	     0.87466
     0.26002	     0.86488
     0.27002	     0.85477
     0.28002	     0.84434
     0.29002	     0.83358
     0.30002	     0.82251
     0.31002	     0.81112
     0.32002	     0.79942
     0.33002	     0.78741
     0.34002	      0.7751
     0.35002	      0.7625
     0.36002	     0.74959
     0.37002	      0.7364
     0.38002	     0.72292
     0.39002	     0.70916
     0.40002	     0.69512
     0.41002	      0.6808
     0.42002	     0.66622
     0.43002	     0.65137
     0.44002	     0.63625
     0.45002	     0.62088
     0.46002	     0.60525
     0.47002	     0.58937
     0.48002	     0.57325
     0.49002	     0.55688
     0.50002	     0.54027
     0.51002	     0.52343
     0.52002	     0.50636
     0.53002	     0.48908
     0.54002	     0.47158
     0.55002	     0.45389
     0.56002	       0.436
     0.57002	     0.41793
     0.58002	     0.39967
     0.59002	     0.38126
     0.60002	     0.36268
     0.61002	     0.34395
     0.62002	     0.32507
     0.63002	     0.30607
     0.64002	     0.28693
     0.65002	     0.26768
     0.66002	     0.24832
     0.67002	     0.22885
     0.68002	     0.20929
     0.69002	     0.18965
     0.70002	     0.16993
     0.71002	     0.15014
     0.72002	     0.13029
     0.73002	     0.11039
     0.74002	    0.090446
     0.75002	    0.070467
     0.76002	     0.05046
     0.77002	    0.030435
     0.78002	      0.0104
     0.79002	  -0.0096379
     0.80002	   -0.029669
     0.81002	   -0.049686
     0.82002	   -0.069679
     0.83002	   -0.089642
     0.84002	    -0.10956
     0.85002	    -0.12944
     0.86002	    -0.14926
     0.87002	    -0.16901
     0.88002	     -0.1887
     0.89002	     -0.2083
     0.90002	    -0.22781
     0.91002	    -0.24722
     0.92002	    -0.26653
     0.93002	    -0.28572
     0.94002	    -0.30479
     0.95002	    -0.32373
     0.96002	    -0.34254
     0.97002	    -0.36119
     0.98002	    -0.37969
     0.99002	    -0.39802
           1	    -0.41618
        1.01	    -0.43416
        1.02	    -0.45196
        1.03	    -0.46956
        1.04	    -0.48697
        1.05	    -0.50418
        1.06	    -0.52118
        1.07	    -0.53797
        1.08	    -0.55455
        1.09	     -0.5709
         1.1	    -0.58703
        1.11	    -0.60293
        1.12	     -0.6186
        1.13	    -0.63402
        1.14	     -0.6492
        1.15	    -0.66412
        1.16	    -0.67879
        1.17	    -0.69321
        1.18	    -0.70735
        1.19	    -0.72123
         1.2	    -0.73483
        1.21	    -0.74814
        1.22	    -0.76118
        1.23	    -0.77392
        1.24	    -0.78637
        1.25	    -0.79852
        1.26	    -0.81036
        1.27	    -0.82189
        1.28	    -0.83311
        1.29	      -0.844
         1.3	    -0.85457
        1.31	    -0.86482
        1.32	    -0.87472
        1.33	    -0.88429
        1.34	     -0.8935
        1.35	    -0.90237
        1.36	    -0.91089
        1.37	    -0.91904
        1.38	    -0.92683
        1.39	    -0.93425
         1.4	    -0.94129
        1.41	    -0.94796
        1.42	    -0.95424
        1.43	    -0.96012
        1.44	    -0.96562
        1.45	    -0.97071
        1.46	     -0.9754
        1.47	    -0.97967
        1.48	    -0.98354
        1.49	    -0.98698
         1.5	       -0.99
        1.51	    -0.99259
        1.52	    -0.99475
        1.53	    -0.99649
        1.54	     -0.9978
        1.55	     -0.9987
        1.56	    -0.99918
        1.57	    -0.99925
        1.58	    -0.99892
        1.59	    -0.99817
         1.6	    -0.99702
        1.61	    -0.99547
        1.62	    -0.99352
        1.63	    -0.99118
        1.64	    -0.98844
        1.65	    -0.98532
        1.66	    -0.98181
        1.67	    -0.97792
        1.68	    -0.97364
        1.69	    -0.96899
         1.7	    -0.96397
        1.71	    -0.95857
        1.72	    -0.95281
        1.73	    -0.94668
        1.74	    -0.94018
        1.75	    -0.93333
        1.76	    -0.92612
        1.77	    -0.91855
        1.78	    -0.91064
        1.79	    -0.90238
         1.8	    -0.89377
        1.81	    -0.88482
        1.82	    -0.87553
        1.83	     -0.8659
        1.84	    -0.85594
        1.85	    -0.84565
        1.86	    -0.83503
        1.87	    -0.82409
        1.88	    -0.81282
        1.89	    -0.80124
         1.9	    -0.78934
        1.91	    -0.77713
        1.92	    -0.76461
        1.93	    -0.75178
        1.94	    -0.73864
        1.95	    -0.72521
        1.96	    -0.71148
        1.97	    -0.69745
        1.98	    -0.68313
        1.99	    -0.66851
           2	    -0.65362
        2.01	    -0.63844
        2.02	    -0.62298
        2.03	    -0.60726
        2.04	    -0.59127
        2.05	    -0.57504
        2.06	    -0.55856
        2.07	    -0.54185
        2.08	    -0.52491
        2.09	    -0.50775
         2.1	    -0.49039
        2.11	    -0.47282
        2.12	    -0.45505
        2.13	     -0.4371
        2.14	    -0.41897
        2.15	    -0.40067
        2.16	    -0.38221
        2.17	     -0.3636
        2.18	    -0.34484
        2.19	    -0.32594
         2.2	    -0.30691
        2.21	    -0.28776
        2.22	     -0.2685
        2.23	    -0.24914
        2.24	    -0.22967
        2.25	    -0.21012
        2.26	    -0.19049
        2.27	    -0.17079
        2.28	    -0.15102
        2.29	    -0.13119
         2.3	    -0.11132
        2.31	   -0.091407
        2.32	   -0.071463
        2.33	   -0.051495
        2.34	   -0.031511
        2.35	   -0.011521
        2.36	   0.0084693
        2.37	     0.02845
        2.38	    0.048414
        2.39	    0.068353
         2.4	    0.088259
        2.41	     0.10812
        2.42	     0.12794
        2.43	     0.14769
        2.44	     0.16739
        2.45	       0.187
        2.46	     0.20654
        2.47	     0.22598
        2.48	     0.24533
        2.49	     0.26457
         2.5	     0.28369
        2.51	      0.3027
        2.52	     0.32157
        2.53	     0.34031
        2.54	     0.35891
        2.55	     0.37737
        2.56	     0.39567
        2.57	     0.41381
        2.58	     0.43179
        2.59	      0.4496
         2.6	     0.46723
        2.61	     0.48468
        2.62	     0.50194
        2.63	     0.51901
        2.64	     0.53588
        2.65	     0.55254
        2.66	     0.56899
        2.67	     0.58523
        2.68	     0.60124
        2.69	     0.61702
         2.7	     0.63257
        2.71	     0.64787
        2.72	     0.66293
        2.73	     0.67774
        2.74	     0.69228
        2.75	     0.70656
        2.76	     0.72057
        2.77	     0.73431
        2.78	     0.74776
        2.79	     0.76092
         2.8	     0.77379
        2.81	     0.78636
        2.82	     0.79862
        2.83	     0.81057
        2.84	      0.8222
        2.85	      0.8335
        2.86	     0.84448
        2.87	     0.85512
        2.88	     0.86542
        2.89	     0.87537
         2.9	     0.88497
        2.91	      0.8942
        2.92	     0.90308
        2.93	     0.91158
        2.94	      0.9197
        2.95	     0.92744
        2.96	     0.93479
        2.97	     0.94174
        2.98	      0.9483
        2.99	     0.95445
           3	     0.96018
        3.01	      0.9655
        3.02	      0.9704
        3.03	     0.97488
        3.04	     0.97895
        3.05	     0.98261
        3.06	     0.98586
        3.07	     0.98871
        3.08	     0.99115
        3.09	     0.99318
         3.1	     0.99482
        3.11	     0.99605
        3.12	     0.99689
        3.13	     0.99734
        3.14	     0.99739
        3.15	     0.99705
        3.16	     0.99632
        3.17	      0.9952
        3.18	     0.99369
        3.19	     0.99181
         3.2	     0.98954
        3.21	     0.98689
        3.22	     0.98387
        3.23	     0.98047
        3.24	     0.97669
        3.25	     0.97255
        3.26	     0.96803
        3.27	     0.96315
        3.28	      0.9579
        3.29	     0.95228
         3.3	     0.94631
        3.31	     0.93998
        3.32	     0.93328
        3.33	     0.92624
        3.34	     0.91883
        3.35	     0.91108
        3.36	     0.90298
        3.37	     0.89452
        3.38	     0.88573
        3.39	     0.87658
         3.4	      0.8671
        3.41	     0.85728
        3.42	     0.84711
        3.43	     0.83662
        3.44	     0.82578
        3.45	     0.81462
        3.46	     0.80312
        3.47	      0.7913
        3.48	     0.77915
        3.49	     0.76668
         3.5	     0.75388
        3.51	     0.74077
        3.52	     0.72734
        3.53	      0.7136
        3.54	     0.69957
        3.55	     0.68524
        3.56	     0.67063
        3.57	     0.65574
        3.58	     0.64058
        3.59	     0.62516
         3.6	     0.60948
        3.61	     0.59356
        3.62	     0.57739
        3.63	     0.56099
        3.64	     0.54436
        3.65	      0.5275
        3.66	     0.51044
        3.67	     0.49317
        3.68	      0.4757
        3.69	     0.45804
         3.7	      0.4402
        3.71	     0.42217
        3.72	     0.40398
        3.73	     0.38562
        3.74	     0.36711
        3.75	     0.34845
        3.76	     0.32965
        3.77	     0.31071
        3.78	     0.29165
        3.79	     0.27246
         3.8	     0.25316
        3.81	     0.23376
        3.82	     0.21426
        3.83	     0.19466
        3.84	     0.17498
        3.85	     0.15523
        3.86	      0.1354
        3.87	     0.11551
        3.88	    0.095568
        3.89	    0.075574
         3.9	    0.055539
        3.91	    0.035469
        3.92	    0.015371
        3.93	   -0.004746
        3.94	   -0.024876
        3.95	   -0.045013
        3.96	   -0.065148
        3.97	   -0.085274
        3.98	    -0.10539
        3.99	    -0.12547
           4	    -0.14553
        4.01	    -0.16555
        4.02	    -0.18553
        4.03	    -0.20545
        4.04	     -0.2253
        4.05	    -0.24509
        4.06	    -0.26478
        4.07	    -0.28439
        4.08	     -0.3039
        4.09	     -0.3233
         4.1	    -0.34257
        4.11	    -0.36172
        4.12	    -0.38073
        4.13	     -0.3996
        4.14	    -0.41831
        4.15	    -0.43685
        4.16	    -0.45522
        4.17	    -0.47341
        4.18	     -0.4914
        4.19	     -0.5092
         4.2	    -0.52678
        4.21	    -0.54415
        4.22	    -0.56128
        4.23	    -0.57818
        4.24	    -0.59483
        4.25	    -0.61122
        4.26	    -0.62735
        4.27	    -0.64321
        4.28	    -0.65878
        4.29	    -0.67406
         4.3	    -0.68903
        4.31	     -0.7037
        4.32	    -0.71804
        4.33	    -0.73206
        4.34	    -0.74574
        4.35	    -0.75907
        4.36	    -0.77205
        4.37	    -0.78465
        4.38	    -0.79689
        4.39	    -0.80874
         4.4	     -0.8202
        4.41	    -0.83125
        4.42	     -0.8419
        4.43	    -0.85212
        4.44	    -0.86191
        4.45	    -0.87127
        4.46	    -0.88018
        4.47	    -0.88863
        4.48	    -0.89661
        4.49	    -0.90412
         4.5	    -0.91115
        4.51	    -0.91768
        4.52	    -0.92374
        4.53	    -0.92931
        4.54	    -0.93443
        4.55	    -0.93909
        4.56	    -0.94331
        4.57	    -0.94709
        4.58	    -0.95045
        4.59	    -0.95339
         4.6	    -0.95593
        4.61	    -0.95807
        4.62	    -0.95983
        4.63	    -0.96122
        4.64	    -0.96224
        4.65	     -0.9629
        4.66	    -0.96322
        4.67	     -0.9632
        4.68	    -0.96286
        4.69	     -0.9622
         4.7	    -0.96124
        4.71	    -0.95998
        4.72	    -0.95843
        4.73	    -0.95661
        4.74	    -0.95452
        4.75	    -0.95218
        4.76	    -0.94959
        4.77	    -0.94676
        4.78	     -0.9437
        4.79	    -0.94043
         4.8	    -0.93695
        4.81	    -0.93328
        4.82	    -0.92941
        4.83	    -0.92537
        4.84	    -0.92116
        4.85	    -0.91679
        4.86	    -0.91228
        4.87	    -0.90762
        4.88	    -0.90284
        4.89	    -0.89794
         4.9	    -0.89293
        4.91	    -0.88783
        4.92	    -0.88263
        4.93	    -0.87736
        4.94	    -0.87201
        4.95	    -0.86661
        4.96	    -0.86116
        4.97	    -0.85566
        4.98	    -0.85014
        4.99	     -0.8446
           5	    -0.83905


